Motion Sensor Data File Oct 31, 2023 3:55 PM
Time (s)	Distance (cm)	Dist Error (cm)
0.000	16.882	0.239
0.010	16.883	0.239
0.020	16.883	0.239
0.030	16.883	0.239
0.040	16.884	0.239
0.050	16.884	0.239
0.060	16.884	0.239
0.070	16.885	0.239
0.080	16.885	0.239
0.090	16.890	0.239
0.100	16.890	0.239
0.110	16.890	0.239
0.120	16.887	0.239
0.130	16.887	0.239
0.140	16.887	0.239
0.150	16.888	0.239
0.160	16.888	0.239
0.170	16.884	0.239
0.180	16.884	0.239
0.190	16.885	0.239
0.200	16.885	0.239
0.210	16.886	0.239
0.220	16.886	0.239
0.230	16.891	0.239
0.240	16.887	0.239
0.250	16.891	0.239
0.260	16.892	0.239
0.270	16.892	0.239
0.280	16.893	0.239
0.290	16.893	0.239
0.300	16.876	0.239
0.310	16.881	0.239
0.320	16.881	0.239
0.330	16.881	0.239
0.340	16.882	0.239
0.350	16.882	0.239
0.360	16.883	0.239
0.370	16.883	0.239
0.380	16.884	0.239
0.390	16.884	0.239
0.400	16.884	0.239
0.410	16.880	0.239
0.420	16.885	0.239
0.430	16.885	0.239
0.440	16.886	0.239
0.450	16.886	0.239
0.460	16.886	0.239
0.470	16.887	0.239
0.480	16.887	0.239
0.490	16.887	0.239
0.500	16.888	0.239
0.510	16.888	0.239
0.520	16.889	0.239
0.530	16.893	0.239
0.540	16.893	0.239
0.550	16.894	0.239
0.560	16.899	0.239
0.570	16.899	0.239
0.580	16.899	0.239
0.590	16.900	0.239
0.600	16.900	0.239
0.610	16.900	0.239
0.620	16.901	0.239
0.630	16.901	0.239
0.640	16.889	0.239
0.650	16.889	0.239
0.660	16.890	0.239
0.670	16.885	0.239
0.680	16.886	0.239
0.690	16.886	0.239
0.700	16.887	0.239
0.710	16.891	0.239
0.720	16.887	0.239
0.730	16.892	0.239
0.740	16.893	0.239
0.750	16.888	0.239
0.760	16.889	0.239
0.770	16.893	0.239
0.780	16.894	0.239
0.790	16.894	0.239
0.800	16.895	0.239
0.810	16.899	0.239
0.820	16.895	0.239
0.830	16.900	0.239
0.840	16.900	0.239
0.850	16.901	0.239
0.860	16.901	0.239
0.870	16.897	0.239
0.880	16.898	0.239
0.890	16.898	0.239
0.900	16.898	0.239
0.910	16.899	0.239
0.920	16.899	0.239
0.930	16.899	0.239
0.940	16.900	0.239
0.950	16.900	0.239
0.960	16.900	0.239
0.970	16.901	0.239
0.980	16.901	0.239
0.990	16.889	0.239
1.000	16.889	0.239
1.010	16.890	0.239
1.020	16.890	0.239
1.030	16.894	0.239
1.040	16.895	0.239
1.050	16.891	0.239
1.060	16.896	0.239
1.070	16.896	0.239
1.080	16.896	0.239
1.090	16.897	0.239
1.100	16.897	0.239
1.110	16.897	0.239
1.120	16.898	0.239
1.130	16.902	0.239
1.140	16.899	0.239
1.150	16.903	0.239
1.160	16.904	0.239
1.170	16.900	0.239
1.180	16.900	0.239
1.190	16.900	0.239
1.200	16.901	0.239
1.210	16.901	0.239
1.220	16.902	0.239
1.230	16.902	0.239
1.240	16.902	0.239
1.250	16.902	0.239
1.260	16.903	0.239
1.270	16.903	0.239
1.280	16.904	0.239
1.290	16.904	0.239
1.300	16.905	0.239
1.310	16.905	0.239
1.320	16.905	0.239
1.330	16.905	0.239
1.340	16.893	0.239
1.350	16.893	0.239
1.360	16.894	0.239
1.370	16.899	0.239
1.380	16.899	0.239
1.390	16.895	0.239
1.400	16.895	0.239
1.410	16.896	0.239
1.420	16.896	0.239
1.430	16.896	0.239
1.440	16.897	0.239
1.450	16.893	0.239
1.460	16.893	0.239
1.470	16.893	0.239
1.480	16.894	0.239
1.490	16.894	0.239
1.500	16.890	0.239
1.510	16.895	0.239
1.520	16.891	0.239
1.530	16.892	0.239
1.540	16.896	0.239
1.550	16.896	0.239
1.560	16.897	0.239
1.570	16.897	0.239
1.580	16.898	0.239
1.590	16.898	0.239
1.600	16.899	0.239
1.610	16.899	0.239
1.620	16.899	0.239
1.630	16.899	0.239
1.640	16.900	0.239
1.650	16.900	0.239
1.660	16.901	0.239
1.670	16.901	0.239
1.680	16.901	0.239
1.690	16.889	0.239
1.700	16.885	0.239
1.710	16.885	0.239
1.720	16.890	0.239
1.730	16.890	0.239
1.740	16.891	0.239
1.750	16.891	0.239
1.760	16.891	0.239
1.770	16.892	0.239
1.780	16.892	0.239
1.790	16.893	0.239
1.800	16.893	0.239
1.810	16.893	0.239
1.820	16.898	0.239
1.830	16.898	0.239
1.840	16.899	0.239
1.850	16.899	0.239
1.860	16.899	0.239
1.870	16.900	0.239
1.880	16.900	0.239
1.890	16.901	0.239
1.900	16.901	0.239
1.910	16.897	0.239
1.920	16.897	0.239
1.930	16.898	0.239
1.940	16.898	0.239
1.950	16.899	0.239
1.960	16.899	0.239
1.970	16.899	0.239
1.980	16.899	0.239
1.990	16.900	0.239
2.000	16.900	0.239
2.010	16.901	0.239
2.020	16.901	0.239
2.030	16.902	0.239
2.040	16.889	0.239
2.050	16.889	0.239
2.060	16.890	0.239
2.070	16.890	0.239
2.080	16.895	0.239
2.090	16.895	0.239
2.100	16.896	0.239
2.110	16.896	0.239
2.120	16.896	0.239
2.130	16.896	0.239
2.140	16.897	0.239
2.150	16.902	0.239
2.160	16.898	0.239
2.170	16.898	0.239
2.180	16.903	0.239
2.190	16.899	0.239
2.200	16.899	0.239
2.210	16.899	0.239
2.220	16.900	0.239
2.230	16.900	0.239
2.240	16.901	0.239
2.250	16.901	0.239
2.260	16.901	0.239
2.270	16.902	0.239
2.280	16.902	0.239
2.290	16.898	0.239
2.300	16.903	0.239
2.310	16.903	0.239
2.320	16.904	0.239
2.330	16.904	0.239
2.340	16.904	0.239
2.350	16.905	0.239
2.360	16.905	0.239
2.370	16.905	0.239
2.380	16.906	0.239
2.390	16.893	0.239
2.400	16.889	0.239
2.410	16.894	0.239
2.420	16.894	0.239
2.430	16.890	0.239
2.440	16.891	0.239
2.450	16.891	0.239
2.460	16.892	0.239
2.470	16.892	0.239
2.480	16.892	0.239
2.490	16.888	0.239
2.500	16.893	0.239
2.510	16.893	0.239
2.520	16.894	0.239
2.530	16.894	0.239
2.540	16.895	0.239
2.550	16.895	0.239
2.560	16.895	0.239
2.570	16.900	0.239
2.580	16.900	0.239
2.590	16.901	0.239
2.600	16.901	0.239
2.610	16.902	0.239
2.620	16.906	0.239
2.630	16.906	0.239
2.640	16.907	0.239
2.650	16.907	0.239
2.660	16.908	0.239
2.670	16.908	0.239
2.680	16.908	0.239
2.690	16.904	0.239
2.700	16.905	0.239
2.710	16.905	0.239
2.720	16.901	0.239
2.730	16.889	0.239
2.740	16.889	0.239
2.750	16.890	0.239
2.760	16.890	0.239
2.770	16.890	0.239
2.780	16.890	0.239
2.790	16.887	0.239
2.800	16.887	0.239
2.810	16.892	0.239
2.820	16.892	0.239
2.830	16.893	0.239
2.840	16.893	0.239
2.850	16.897	0.239
2.860	16.898	0.239
2.870	16.898	0.239
2.880	16.899	0.239
2.890	16.899	0.239
2.900	16.899	0.239
2.910	16.899	0.239
2.920	16.900	0.239
2.930	16.896	0.239
2.940	16.896	0.239
2.950	16.897	0.239
2.960	16.897	0.239
2.970	16.893	0.239
2.980	16.893	0.239
2.990	16.894	0.239
3.000	16.894	0.239
3.010	16.895	0.239
3.020	16.895	0.239
3.030	16.896	0.239
3.040	16.896	0.239
3.050	16.896	0.239
3.060	16.892	0.239
3.070	16.897	0.239
3.080	16.884	0.239
3.090	16.885	0.239
3.100	16.885	0.239
3.110	16.890	0.239
3.120	16.890	0.239
3.130	16.890	0.239
3.140	16.891	0.239
3.150	16.891	0.239
3.160	16.892	0.239
3.170	16.892	0.239
3.180	16.893	0.239
3.190	16.893	0.239
3.200	16.893	0.239
3.210	16.893	0.239
3.220	16.894	0.239
3.230	16.890	0.239
3.240	16.890	0.239
3.250	16.891	0.239
3.260	16.891	0.239
3.270	16.891	0.239
3.280	16.892	0.239
3.290	16.892	0.239
3.300	16.893	0.239
3.310	16.893	0.239
3.320	16.893	0.239
3.330	16.894	0.239
3.340	16.894	0.239
3.350	16.899	0.239
3.360	16.895	0.239
3.370	16.899	0.239
3.380	16.900	0.239
3.390	16.900	0.239
3.400	16.901	0.239
3.410	16.901	0.239
3.420	16.901	0.239
3.430	16.889	0.239
3.440	16.889	0.239
3.450	16.890	0.239
3.460	16.890	0.239
3.470	16.886	0.239
3.480	16.887	0.239
3.490	16.887	0.239
3.500	16.887	0.239
3.510	16.887	0.239
3.520	16.888	0.239
3.530	16.884	0.239
3.540	16.884	0.239
3.550	16.885	0.239
3.560	16.885	0.239
3.570	16.885	0.239
3.580	16.886	0.239
3.590	16.886	0.239
3.600	16.887	0.239
3.610	16.887	0.239
3.620	16.887	0.239
3.630	16.887	0.239
3.640	16.892	0.239
3.650	16.893	0.239
3.660	16.893	0.239
3.670	16.893	0.239
3.680	16.894	0.239
3.690	16.894	0.239
3.700	16.895	0.239
3.710	16.895	0.239
3.720	16.895	0.239
3.730	16.896	0.239
3.740	16.896	0.239
3.750	16.896	0.239
3.760	16.893	0.239
3.770	16.893	0.239
3.780	16.880	0.239
3.790	16.881	0.239
3.800	16.881	0.239
3.810	16.881	0.239
3.820	16.882	0.239
3.830	16.882	0.239
3.840	16.883	0.239
3.850	16.883	0.239
3.860	16.883	0.239
3.870	16.884	0.239
3.880	16.884	0.239
3.890	16.889	0.239
3.900	16.889	0.239
3.910	16.890	0.239
3.920	16.890	0.239
3.930	16.890	0.239
3.940	16.890	0.239
3.950	16.891	0.239
3.960	16.891	0.239
3.970	16.892	0.239
3.980	16.892	0.239
3.990	16.893	0.239
4.000	16.893	0.239
4.010	16.893	0.239
4.020	16.893	0.239
4.030	16.894	0.239
4.040	16.894	0.239
4.050	16.895	0.239
4.060	16.895	0.239
4.070	16.895	0.239
4.080	16.896	0.239
4.090	16.896	0.239
4.100	16.892	0.239
4.110	16.893	0.239
4.120	16.893	0.239
4.130	16.881	0.239
4.140	16.881	0.239
4.150	16.885	0.239
4.160	16.886	0.239
4.170	16.886	0.239
4.180	16.887	0.239
4.190	16.887	0.239
4.200	16.892	0.239
4.210	16.892	0.239
4.220	16.892	0.239
4.230	16.893	0.239
4.240	16.893	0.239
4.250	16.893	0.239
4.260	16.894	0.239
4.270	16.890	0.239
4.280	16.890	0.239
4.290	16.890	0.239
4.300	16.887	0.239
4.310	16.887	0.239
4.320	16.887	0.239
4.330	16.888	0.239
4.340	16.888	0.239
4.350	16.889	0.239
4.360	16.889	0.239
4.370	16.893	0.239
4.380	16.894	0.239
4.390	16.894	0.239
4.400	16.899	0.239
4.410	16.899	0.239
4.420	16.900	0.239
4.430	16.900	0.239
4.440	16.900	0.239
4.450	16.901	0.239
4.460	16.901	0.239
4.470	16.889	0.239
4.480	16.885	0.239
4.490	16.885	0.239
4.500	16.886	0.239
4.510	16.886	0.239
4.520	16.886	0.239
4.530	16.887	0.239
4.540	16.883	0.239
4.550	16.883	0.239
4.560	16.884	0.239
4.570	16.884	0.239
4.580	16.884	0.239
4.590	16.884	0.239
4.600	16.885	0.239
4.610	16.890	0.239
4.620	16.890	0.239
4.630	16.890	0.239
4.640	16.891	0.239
4.650	16.891	0.239
4.660	16.896	0.239
4.670	16.896	0.239
4.680	16.896	0.239
4.690	16.897	0.239
4.700	16.897	0.239
4.710	16.898	0.239
4.720	16.898	0.239
4.730	16.898	0.239
4.740	16.899	0.239
4.750	16.899	0.239
4.760	16.899	0.239
4.770	16.900	0.239
4.780	16.900	0.239
4.790	16.896	0.239
4.800	16.896	0.239
4.810	16.897	0.239
4.820	16.884	0.239
4.830	16.885	0.239
4.840	16.885	0.239
4.850	16.886	0.239
4.860	16.886	0.239
4.870	16.886	0.239
4.880	16.887	0.239
4.890	16.887	0.239
4.900	16.887	0.239
4.910	16.888	0.239
4.920	16.888	0.239
4.930	16.893	0.239
4.940	16.893	0.239
4.950	16.893	0.239
4.960	16.894	0.239
4.970	16.899	0.239
4.980	16.899	0.239
4.990	16.895	0.239
5.000	16.896	0.239
5.010	16.896	0.239
5.020	16.896	0.239
5.030	16.896	0.239
5.040	16.897	0.239
5.050	16.893	0.239
5.060	16.898	0.239
5.070	16.894	0.239
5.080	16.894	0.239
5.090	16.894	0.239
5.100	16.895	0.239
5.110	16.895	0.239
5.120	16.896	0.239
5.130	16.896	0.239
5.140	16.896	0.239
5.150	16.897	0.239
5.160	16.897	0.239
5.170	16.884	0.239
5.180	16.889	0.239
5.190	16.890	0.239
5.200	16.890	0.239
5.210	16.895	0.239
5.220	16.895	0.239
5.230	16.891	0.239
5.240	16.896	0.239
5.250	16.896	0.239
5.260	16.892	0.239
5.270	16.893	0.239
5.280	16.893	0.239
5.290	16.893	0.239
5.300	16.890	0.239
5.310	16.890	0.239
5.320	16.890	0.239
5.330	16.890	0.239
5.340	16.891	0.239
5.350	16.891	0.239
5.360	16.892	0.239
5.370	16.892	0.239
5.380	16.892	0.239
5.390	16.893	0.239
5.400	16.893	0.239
5.410	16.893	0.239
5.420	16.894	0.239
5.430	16.894	0.239
5.440	16.895	0.239
5.450	16.895	0.239
5.460	16.899	0.239
5.470	16.900	0.239
5.480	16.900	0.239
5.490	16.901	0.239
5.500	16.897	0.239
5.510	16.897	0.239
5.520	16.889	0.239
5.530	16.885	0.239
5.540	16.885	0.239
5.550	16.886	0.239
5.560	16.886	0.239
5.570	16.887	0.239
5.580	16.887	0.239
5.590	16.887	0.239
5.600	16.887	0.239
5.610	16.884	0.239
5.620	16.884	0.239
5.630	16.884	0.239
5.640	16.885	0.239
5.650	16.885	0.239
5.660	16.890	0.239
5.670	16.890	0.239
5.680	16.890	0.239
5.690	16.891	0.239
5.700	16.891	0.239
5.710	16.892	0.239
5.720	16.896	0.239
5.730	16.897	0.239
5.740	16.897	0.239
5.750	16.897	0.239
5.760	16.898	0.239
5.770	16.898	0.239
5.780	16.899	0.239
5.790	16.895	0.239
5.800	16.895	0.239
5.810	16.896	0.239
5.820	16.896	0.239
5.830	16.896	0.239
5.840	16.896	0.239
5.850	16.897	0.239
5.860	16.880	0.239
5.870	16.885	0.239
5.880	16.881	0.239
5.890	16.881	0.239
5.900	16.881	0.239
5.910	16.886	0.239
5.920	16.887	0.239
5.930	16.887	0.239
5.940	16.887	0.239
5.950	16.888	0.239
5.960	16.893	0.239
5.970	16.893	0.239
5.980	16.893	0.239
5.990	16.893	0.239
6.000	16.894	0.239
6.010	16.894	0.239
6.020	16.895	0.239
6.030	16.895	0.239
6.040	16.895	0.239
6.050	16.891	0.239
6.060	16.892	0.239
6.070	16.892	0.239
6.080	16.893	0.239
6.090	16.893	0.239
6.100	16.889	0.239
6.110	16.890	0.239
6.120	16.890	0.239
6.130	16.890	0.239
6.140	16.890	0.239
6.150	16.891	0.239
6.160	16.891	0.239
6.170	16.892	0.239
6.180	16.896	0.239
6.190	16.892	0.239
6.200	16.897	0.239
6.210	16.884	0.239
6.220	16.885	0.239
6.230	16.885	0.239
6.240	16.886	0.239
6.250	16.886	0.239
6.260	16.886	0.239
6.270	16.887	0.239
6.280	16.887	0.239
6.290	16.887	0.239
6.300	16.888	0.239
6.310	16.888	0.239
6.320	16.884	0.239
6.330	16.889	0.239
6.340	16.885	0.239
6.350	16.885	0.239
6.360	16.886	0.239
6.370	16.886	0.239
6.380	16.887	0.239
6.390	16.887	0.239
6.400	16.887	0.239
6.410	16.887	0.239
6.420	16.888	0.239
6.430	16.888	0.239
6.440	16.889	0.239
6.450	16.889	0.239
6.460	16.894	0.239
6.470	16.894	0.239
6.480	16.894	0.239
6.490	16.895	0.239
6.500	16.895	0.239
6.510	16.896	0.239
6.520	16.896	0.239
6.530	16.896	0.239
6.540	16.897	0.239
6.550	16.897	0.239
6.560	16.884	0.239
6.570	16.885	0.239
6.580	16.885	0.239
6.590	16.886	0.239
6.600	16.886	0.239
6.610	16.882	0.239
6.620	16.883	0.239
6.630	16.883	0.239
6.640	16.883	0.239
6.650	16.884	0.239
6.660	16.884	0.239
6.670	16.884	0.239
6.680	16.885	0.239
6.690	16.885	0.239
6.700	16.885	0.239
6.710	16.886	0.239
6.720	16.886	0.239
6.730	16.887	0.239
6.740	16.891	0.239
6.750	16.892	0.239
6.760	16.892	0.239
6.770	16.893	0.239
6.780	16.893	0.239
6.790	16.893	0.239
6.800	16.893	0.239
6.810	16.894	0.239
6.820	16.894	0.239
6.830	16.895	0.239
6.840	16.895	0.239
6.850	16.895	0.239
6.860	16.891	0.239
6.870	16.892	0.239
6.880	16.892	0.239
6.890	16.893	0.239
6.900	16.893	0.239
6.910	16.881	0.239
6.920	16.881	0.239
6.930	16.877	0.239
6.940	16.877	0.239
6.950	16.882	0.239
6.960	16.882	0.239
6.970	16.883	0.239
6.980	16.887	0.239
6.990	16.888	0.239
7.000	16.888	0.239
7.010	16.888	0.239
7.020	16.889	0.239
7.030	16.893	0.239
7.040	16.890	0.239
7.050	16.890	0.239
7.060	16.890	0.239
7.070	16.890	0.239
7.080	16.891	0.239
7.090	16.891	0.239
7.100	16.887	0.239
7.110	16.888	0.239
7.120	16.893	0.239
7.130	16.889	0.239
7.140	16.889	0.239
7.150	16.889	0.239
7.160	16.890	0.239
7.170	16.890	0.239
7.180	16.890	0.239
7.190	16.891	0.239
7.200	16.891	0.239
7.210	16.892	0.239
7.220	16.896	0.239
7.230	16.896	0.239
7.240	16.897	0.239
7.250	16.880	0.239
7.260	16.881	0.239
7.270	16.881	0.239
7.280	16.886	0.239
7.290	16.886	0.239
7.300	16.882	0.239
7.310	16.882	0.239
7.320	16.887	0.239
7.330	16.883	0.239
7.340	16.888	0.239
7.350	16.888	0.239
7.360	16.884	0.239
7.370	16.889	0.239
7.380	16.885	0.239
7.390	16.885	0.239
7.400	16.886	0.239
7.410	16.886	0.239
7.420	16.887	0.239
7.430	16.887	0.239
7.440	16.887	0.239
7.450	16.887	0.239
7.460	16.888	0.239
7.470	16.888	0.239
7.480	16.889	0.239
7.490	16.889	0.239
7.500	16.890	0.239
7.510	16.894	0.239
7.520	16.894	0.239
7.530	16.895	0.239
7.540	16.895	0.239
7.550	16.896	0.239
7.560	16.896	0.239
7.570	16.896	0.239
7.580	16.897	0.239
7.590	16.897	0.239
7.600	16.884	0.239
7.610	16.881	0.239
7.620	16.881	0.239
7.630	16.881	0.239
7.640	16.882	0.239
7.650	16.882	0.239
7.660	16.882	0.239
7.670	16.883	0.239
7.680	16.883	0.239
7.690	16.884	0.239
7.700	16.884	0.239
7.710	16.889	0.239
7.720	16.889	0.239
7.730	16.885	0.239
7.740	16.890	0.239
7.750	16.890	0.239
7.760	16.890	0.239
7.770	16.891	0.239
7.780	16.891	0.239
7.790	16.892	0.239
7.800	16.892	0.239
7.810	16.892	0.239
7.820	16.893	0.239
7.830	16.889	0.239
7.840	16.893	0.239
7.850	16.890	0.239
7.860	16.890	0.239
7.870	16.890	0.239
7.880	16.890	0.239
7.890	16.891	0.239
7.900	16.891	0.239
7.910	16.892	0.239
7.920	16.892	0.239
7.930	16.893	0.239
7.940	16.893	0.239
7.950	16.881	0.239
7.960	16.881	0.239
7.970	16.881	0.239
7.980	16.881	0.239
7.990	16.882	0.239
8.000	16.882	0.239
8.010	16.887	0.239
8.020	16.887	0.239
8.030	16.887	0.239
8.040	16.888	0.239
8.050	16.888	0.239
8.060	16.889	0.239
8.070	16.889	0.239
8.080	16.890	0.239
8.090	16.890	0.239
8.100	16.890	0.239
8.110	16.890	0.239
8.120	16.891	0.239
8.130	16.891	0.239
8.140	16.892	0.239
8.150	16.888	0.239
8.160	16.888	0.239
8.170	16.889	0.239
8.180	16.889	0.239
8.190	16.889	0.239
8.200	16.890	0.239
8.210	16.890	0.239
8.220	16.890	0.239
8.230	16.895	0.239
8.240	16.891	0.239
8.250	16.891	0.239
8.260	16.896	0.239
8.270	16.896	0.239
8.280	16.897	0.239
8.290	16.884	0.239
8.300	16.885	0.239
8.310	16.885	0.239
8.320	16.885	0.239
8.330	16.886	0.239
8.340	16.886	0.239
8.350	16.887	0.239
8.360	16.887	0.239
8.370	16.887	0.239
8.380	16.888	0.239
8.390	16.888	0.239
8.400	16.884	0.239
8.410	16.884	0.239
8.420	16.885	0.239
8.430	16.885	0.239
8.440	16.886	0.239
8.450	16.886	0.239
8.460	16.882	0.239
8.470	16.887	0.239
8.480	16.883	0.239
8.490	16.887	0.239
8.500	16.888	0.239
8.510	16.888	0.239
8.520	16.889	0.239
8.530	16.889	0.239
8.540	16.889	0.239
8.550	16.890	0.239
8.560	16.890	0.239
8.570	16.890	0.239
8.580	16.891	0.239
8.590	16.891	0.239
8.600	16.892	0.239
8.610	16.896	0.239
8.620	16.896	0.239
8.630	16.893	0.239
8.640	16.880	0.239
8.650	16.881	0.239
8.660	16.881	0.239
8.670	16.881	0.239
8.680	16.882	0.239
8.690	16.882	0.239
8.700	16.882	0.239
8.710	16.883	0.239
8.720	16.883	0.239
8.730	16.884	0.239
8.740	16.884	0.239
8.750	16.884	0.239
8.760	16.885	0.239
8.770	16.885	0.239
8.780	16.885	0.239
8.790	16.886	0.239
8.800	16.886	0.239
8.810	16.891	0.239
8.820	16.891	0.239
8.830	16.892	0.239
8.840	16.892	0.239
8.850	16.892	0.239
8.860	16.893	0.239
8.870	16.893	0.239
8.880	16.893	0.239
8.890	16.894	0.239
8.900	16.894	0.239
8.910	16.890	0.239
8.920	16.895	0.239
8.930	16.891	0.239
8.940	16.891	0.239
8.950	16.892	0.239
8.960	16.892	0.239
8.970	16.893	0.239
8.980	16.893	0.239
8.990	16.880	0.239
9.000	16.881	0.239
9.010	16.881	0.239
9.020	16.881	0.239
9.030	16.882	0.239
9.040	16.887	0.239
9.050	16.887	0.239
9.060	16.887	0.239
9.070	16.887	0.239
9.080	16.888	0.239
9.090	16.888	0.239
9.100	16.889	0.239
9.110	16.889	0.239
9.120	16.890	0.239
9.130	16.890	0.239
9.140	16.890	0.239
9.150	16.890	0.239
9.160	16.891	0.239
9.170	16.891	0.239
9.180	16.887	0.239
9.190	16.888	0.239
9.200	16.888	0.239
9.210	16.888	0.239
9.220	16.889	0.239
9.230	16.889	0.239
9.240	16.890	0.239
9.250	16.890	0.239
9.260	16.890	0.239
9.270	16.891	0.239
9.280	16.891	0.239
9.290	16.891	0.239
9.300	16.892	0.239
9.310	16.896	0.239
9.320	16.897	0.239
9.330	16.897	0.239
9.340	16.885	0.239
9.350	16.885	0.239
9.360	16.885	0.239
9.370	16.886	0.239
9.380	16.886	0.239
9.390	16.887	0.239
9.400	16.887	0.239
9.410	16.887	0.239
9.420	16.888	0.239
9.430	16.888	0.239
9.440	16.884	0.239
9.450	16.884	0.239
9.460	16.885	0.239
9.470	16.885	0.239
9.480	16.886	0.239
9.490	16.886	0.239
9.500	16.886	0.239
9.510	16.887	0.239
9.520	16.887	0.239
9.530	16.892	0.239
9.540	16.888	0.239
9.550	16.893	0.239
9.560	16.893	0.239
9.570	16.893	0.239
9.580	16.893	0.239
9.590	16.894	0.239
9.600	16.894	0.239
9.610	16.895	0.239
9.620	16.895	0.239
9.630	16.896	0.239
9.640	16.896	0.239
9.650	16.892	0.239
9.660	16.896	0.239
9.670	16.893	0.239
9.680	16.880	0.239
9.690	16.881	0.239
9.700	16.881	0.239
9.710	16.881	0.239
9.720	16.881	0.239
9.730	16.882	0.239
9.740	16.882	0.239
9.750	16.883	0.239
9.760	16.883	0.239
9.770	16.884	0.239
9.780	16.884	0.239
9.790	16.889	0.239
9.800	16.889	0.239
9.810	16.889	0.239
9.820	16.890	0.239
9.830	16.890	0.239
9.840	16.890	0.239
9.850	16.891	0.239
9.860	16.891	0.239
9.870	16.891	0.239
9.880	16.892	0.239
9.890	16.892	0.239
9.900	16.893	0.239
9.910	16.893	0.239
9.920	16.893	0.239
9.930	16.894	0.239
9.940	16.894	0.239
9.950	16.890	0.239
9.960	16.890	0.239
9.970	16.891	0.239
9.980	16.891	0.239
9.990	16.892	0.239
10.000	16.892	0.239
10.010	16.893	0.239
10.020	16.893	0.239
10.030	16.880	0.239
10.040	16.881	0.239
10.050	16.881	0.239
10.060	16.881	0.239
10.070	16.886	0.239
10.080	16.887	0.239
10.090	16.887	0.239
10.100	16.887	0.239
10.110	16.887	0.239
10.120	16.888	0.239
10.130	16.888	0.239
10.140	16.889	0.239
10.150	16.889	0.239
10.160	16.889	0.239
10.170	16.890	0.239
10.180	16.890	0.239
10.190	16.890	0.239
10.200	16.891	0.239
10.210	16.887	0.239
10.220	16.887	0.239
10.230	16.888	0.239
10.240	16.888	0.239
10.250	16.888	0.239
10.260	16.889	0.239
10.270	16.889	0.239
10.280	16.890	0.239
10.290	16.890	0.239
10.300	16.895	0.239
10.310	16.895	0.239
10.320	16.895	0.239
10.330	16.896	0.239
10.340	16.900	0.239
10.350	16.901	0.239
10.360	16.901	0.239
10.370	16.902	0.239
10.380	16.889	0.239
10.390	16.889	0.239
10.400	16.890	0.239
10.410	16.890	0.239
10.420	16.890	0.239
10.430	16.891	0.239
10.440	16.887	0.239
10.450	16.887	0.239
10.460	16.887	0.239
10.470	16.888	0.239
10.480	16.888	0.239
10.490	16.889	0.239
10.500	16.889	0.239
10.510	16.885	0.239
10.520	16.886	0.239
10.530	16.890	0.239
10.540	16.890	0.239
10.550	16.891	0.239
10.560	16.891	0.239
10.570	16.892	0.239
10.580	16.892	0.239
10.590	16.893	0.239
10.600	16.897	0.239
10.610	16.893	0.239
10.620	16.898	0.239
10.630	16.898	0.239
10.640	16.899	0.239
10.650	16.899	0.239
10.660	16.899	0.239
10.670	16.900	0.239
10.680	16.900	0.239
10.690	16.900	0.239
10.700	16.896	0.239
10.710	16.897	0.239
10.720	16.884	0.239
10.730	16.885	0.239
10.740	16.881	0.239
10.750	16.881	0.239
10.760	16.881	0.239
10.770	16.882	0.239
10.780	16.882	0.239
10.790	16.883	0.239
10.800	16.887	0.239
10.810	16.888	0.239
10.820	16.888	0.239
10.830	16.888	0.239
10.840	16.889	0.239
10.850	16.889	0.239
10.860	16.890	0.239
10.870	16.890	0.239
10.880	16.895	0.239
10.890	16.895	0.239
10.900	16.891	0.239
10.910	16.896	0.239
10.920	16.896	0.239
10.930	16.892	0.239
10.940	16.893	0.239
10.950	16.893	0.239
10.960	16.893	0.239
10.970	16.893	0.239
10.980	16.894	0.239
10.990	16.894	0.239
11.000	16.890	0.239
11.010	16.891	0.239
11.020	16.891	0.239
11.030	16.896	0.239
11.040	16.896	0.239
11.050	16.896	0.239
11.060	16.897	0.239
11.070	16.884	0.239
11.080	16.885	0.239
11.090	16.885	0.239
11.100	16.890	0.239
11.110	16.890	0.239
11.120	16.890	0.239
11.130	16.891	0.239
11.140	16.891	0.239
11.150	16.892	0.239
11.160	16.892	0.239
11.170	16.893	0.239
11.180	16.893	0.239
11.190	16.893	0.239
11.200	16.893	0.239
11.210	16.890	0.239
11.220	16.890	0.239
11.230	16.890	0.239
11.240	16.891	0.239
11.250	16.887	0.239
11.260	16.887	0.239
11.270	16.887	0.239
11.280	16.888	0.239
11.290	16.888	0.239
11.300	16.889	0.239
11.310	16.889	0.239
11.320	16.890	0.239
11.330	16.894	0.239
11.340	16.890	0.239
11.350	16.895	0.239
11.360	16.895	0.239
11.370	16.896	0.239
11.380	16.896	0.239
11.390	16.901	0.239
11.400	16.901	0.239
11.410	16.897	0.239
11.420	16.884	0.239
11.430	16.889	0.239
11.440	16.885	0.239
11.450	16.886	0.239
11.460	16.886	0.239
11.470	16.887	0.239
11.480	16.887	0.239
11.490	16.887	0.239
11.500	16.883	0.239
11.510	16.884	0.239
11.520	16.884	0.239
11.530	16.884	0.239
11.540	16.885	0.239
11.550	16.885	0.239
11.560	16.885	0.239
11.570	16.886	0.239
11.580	16.886	0.239
11.590	16.887	0.239
11.600	16.891	0.239
11.610	16.887	0.239
11.620	16.892	0.239
11.630	16.892	0.239
11.640	16.893	0.239
11.650	16.893	0.239
11.660	16.893	0.239
11.670	16.894	0.239
11.680	16.894	0.239
11.690	16.895	0.239
11.700	16.895	0.239
11.710	16.899	0.239
11.720	16.896	0.239
11.730	16.896	0.239
11.740	16.896	0.239
11.750	16.897	0.239
11.760	16.897	0.239
11.770	16.881	0.239
11.780	16.881	0.239
11.790	16.881	0.239
11.800	16.881	0.239
11.810	16.882	0.239
11.820	16.882	0.239
11.830	16.883	0.239
11.840	16.883	0.239
11.850	16.887	0.239
11.860	16.888	0.239
11.870	16.888	0.239
11.880	16.889	0.239
11.890	16.889	0.239
11.900	16.890	0.239
11.910	16.894	0.239
11.920	16.890	0.239
11.930	16.895	0.239
11.940	16.895	0.239
11.950	16.896	0.239
11.960	16.896	0.239
11.970	16.896	0.239
11.980	16.897	0.239
11.990	16.897	0.239
12.000	16.893	0.239
12.010	16.893	0.239
12.020	16.894	0.239
12.030	16.894	0.239
12.040	16.895	0.239
12.050	16.895	0.239
12.060	16.891	0.239
12.070	16.891	0.239
12.080	16.896	0.239
12.090	16.896	0.239
12.100	16.897	0.239
12.110	16.884	0.239
12.120	16.885	0.239
12.130	16.885	0.239
12.140	16.886	0.239
12.150	16.886	0.239
12.160	16.886	0.239
12.170	16.887	0.239
12.180	16.887	0.239
12.190	16.887	0.239
12.200	16.888	0.239
12.210	16.888	0.239
12.220	16.888	0.239
12.230	16.889	0.239
12.240	16.885	0.239
12.250	16.890	0.239
12.260	16.886	0.239
12.270	16.890	0.239
12.280	16.887	0.239
12.290	16.887	0.239
12.300	16.887	0.239
12.310	16.887	0.239
12.320	16.888	0.239
12.330	16.888	0.239
12.340	16.889	0.239
12.350	16.889	0.239
12.360	16.890	0.239
12.370	16.890	0.239
12.380	16.890	0.239
12.390	16.895	0.239
12.400	16.895	0.239
12.410	16.896	0.239
12.420	16.896	0.239
12.430	16.896	0.239
12.440	16.896	0.239
12.450	16.897	0.239
12.460	16.884	0.239
12.470	16.885	0.239
12.480	16.885	0.239
12.490	16.886	0.239
12.500	16.882	0.239
12.510	16.886	0.239
12.520	16.882	0.239
12.530	16.883	0.239
12.540	16.883	0.239
12.550	16.884	0.239
12.560	16.884	0.239
12.570	16.884	0.239
12.580	16.885	0.239
12.590	16.885	0.239
12.600	16.885	0.239
12.610	16.886	0.239
12.620	16.886	0.239
12.630	16.887	0.239
12.640	16.887	0.239
12.650	16.887	0.239
12.660	16.887	0.239
12.670	16.892	0.239
12.680	16.893	0.239
12.690	16.893	0.239
12.700	16.893	0.239
12.710	16.894	0.239
12.720	16.894	0.239
12.730	16.894	0.239
12.740	16.895	0.239
12.750	16.895	0.239
12.760	16.896	0.239
12.770	16.896	0.239
12.780	16.896	0.239
12.790	16.893	0.239
12.800	16.893	0.239
12.810	16.880	0.239
12.820	16.881	0.239
12.830	16.881	0.239
12.840	16.881	0.239
12.850	16.886	0.239
12.860	16.887	0.239
12.870	16.887	0.239
12.880	16.887	0.239
12.890	16.887	0.239
12.900	16.888	0.239
12.910	16.888	0.239
12.920	16.889	0.239
12.930	16.889	0.239
12.940	16.890	0.239
12.950	16.890	0.239
12.960	16.890	0.239
12.970	16.890	0.239
12.980	16.891	0.239
12.990	16.891	0.239
13.000	16.892	0.239
13.010	16.892	0.239
13.020	16.892	0.239
13.030	16.888	0.239
13.040	16.889	0.239
13.050	16.889	0.239
13.060	16.890	0.239
13.070	16.890	0.239
13.080	16.890	0.239
13.090	16.891	0.239
13.100	16.891	0.239
13.110	16.891	0.239
13.120	16.896	0.239
13.130	16.896	0.239
13.140	16.897	0.239
13.150	16.897	0.239
13.160	16.885	0.239
13.170	16.889	0.239
13.180	16.885	0.239
13.190	16.886	0.239
13.200	16.890	0.239
13.210	16.891	0.239
13.220	16.891	0.239
13.230	16.892	0.239
13.240	16.887	0.239
13.250	16.888	0.239
13.260	16.888	0.239
13.270	16.889	0.239
13.280	16.889	0.239
13.290	16.890	0.239
13.300	16.886	0.239
13.310	16.890	0.239
13.320	16.886	0.239
13.330	16.887	0.239
13.340	16.887	0.239
13.350	16.887	0.239
13.360	16.888	0.239
13.370	16.888	0.239
13.380	16.889	0.239
13.390	16.889	0.239
13.400	16.889	0.239
13.410	16.890	0.239
13.420	16.894	0.239
13.430	16.895	0.239
13.440	16.895	0.239
13.450	16.896	0.239
13.460	16.896	0.239
13.470	16.896	0.239
13.480	16.896	0.239
13.490	16.897	0.239
13.500	16.884	0.239
13.510	16.885	0.239
13.520	16.885	0.239
13.530	16.886	0.239
13.540	16.886	0.239
13.550	16.882	0.239
13.560	16.882	0.239
13.570	16.883	0.239
13.580	16.883	0.239
13.590	16.879	0.239
13.600	16.880	0.239
13.610	16.884	0.239
13.620	16.880	0.239
13.630	16.885	0.239
13.640	16.885	0.239
13.650	16.886	0.239
13.660	16.886	0.239
13.670	16.887	0.239
13.680	16.887	0.239
13.690	16.887	0.239
13.700	16.892	0.239
13.710	16.888	0.239
13.720	16.893	0.239
13.730	16.893	0.239
13.740	16.893	0.239
13.750	16.893	0.239
13.760	16.894	0.239
13.770	16.890	0.239
13.780	16.895	0.239
13.790	16.891	0.239
13.800	16.891	0.239
13.810	16.892	0.239
13.820	16.892	0.239
13.830	16.892	0.239
13.840	16.893	0.239
13.850	16.880	0.239
13.860	16.881	0.239
13.870	16.877	0.239
13.880	16.881	0.239
13.890	16.882	0.239
13.900	16.882	0.239
13.910	16.882	0.239
13.920	16.883	0.239
13.930	16.883	0.239
13.940	16.884	0.239
13.950	16.884	0.239
13.960	16.884	0.239
13.970	16.889	0.239
13.980	16.889	0.239
13.990	16.890	0.239
14.000	16.890	0.239
14.010	16.890	0.239
14.020	16.891	0.239
14.030	16.887	0.239
14.040	16.887	0.239
14.050	16.887	0.239
14.060	16.888	0.239
14.070	16.888	0.239
14.080	16.889	0.239
14.090	16.889	0.239
14.100	16.890	0.239
14.110	16.890	0.239
14.120	16.890	0.239
14.130	16.886	0.239
14.140	16.891	0.239
14.150	16.891	0.239
14.160	16.892	0.239
14.170	16.892	0.239
14.180	16.893	0.239
14.190	16.893	0.239
14.200	16.880	0.239
14.210	16.881	0.239
14.220	16.881	0.239
14.230	16.881	0.239
14.240	16.886	0.239
14.250	16.887	0.239
14.260	16.887	0.239
14.270	16.887	0.239
14.280	16.887	0.239
14.290	16.888	0.239
14.300	16.888	0.239
14.310	16.889	0.239
14.320	16.885	0.239
14.330	16.885	0.239
14.340	16.885	0.239
14.350	16.886	0.239
14.360	16.886	0.239
14.370	16.887	0.239
14.380	16.883	0.239
14.390	16.883	0.239
14.400	16.884	0.239
14.410	16.884	0.239
14.420	16.884	0.239
14.430	16.889	0.239
14.440	16.889	0.239
14.450	16.890	0.239
14.460	16.890	0.239
14.470	16.890	0.239
14.480	16.890	0.239
14.490	16.891	0.239
14.500	16.896	0.239
14.510	16.896	0.239
14.520	16.896	0.239
14.530	16.893	0.239
14.540	16.893	0.239
14.550	16.881	0.239
14.560	16.881	0.239
14.570	16.881	0.239
14.580	16.881	0.239
14.590	16.877	0.239
14.600	16.878	0.239
14.610	16.878	0.239
14.620	16.879	0.239
14.630	16.879	0.239
14.640	16.879	0.239
14.650	16.880	0.239
14.660	16.880	0.239
14.670	16.881	0.239
14.680	16.881	0.239
14.690	16.881	0.239
14.700	16.881	0.239
14.710	16.882	0.239
14.720	16.882	0.239
14.730	16.887	0.239
14.740	16.887	0.239
14.750	16.888	0.239
14.760	16.888	0.239
14.770	16.888	0.239
14.780	16.889	0.239
14.790	16.889	0.239
14.800	16.890	0.239
14.810	16.890	0.239
14.820	16.890	0.239
14.830	16.891	0.239
14.840	16.891	0.239
14.850	16.887	0.239
14.860	16.887	0.239
14.870	16.888	0.239
14.880	16.888	0.239
14.890	16.889	0.239
14.900	16.876	0.239
14.910	16.877	0.239
14.920	16.877	0.239
14.930	16.873	0.239
14.940	16.877	0.239
14.950	16.878	0.239
14.960	16.878	0.239
14.970	16.879	0.239
14.980	16.879	0.239
14.990	16.879	0.239
15.000	16.880	0.239
15.010	16.884	0.239
15.020	16.881	0.239
15.030	16.885	0.239
15.040	16.886	0.239
15.050	16.886	0.239
15.060	16.886	0.239
15.070	16.882	0.239
15.080	16.883	0.239
15.090	16.883	0.239
15.100	16.884	0.239
15.110	16.880	0.239
15.120	16.880	0.239
15.130	16.881	0.239
15.140	16.881	0.239
15.150	16.881	0.239
15.160	16.881	0.239
15.170	16.882	0.239
15.180	16.882	0.239
15.190	16.883	0.239
15.200	16.887	0.239
15.210	16.887	0.239
15.220	16.888	0.239
15.230	16.888	0.239
15.240	16.876	0.239
15.250	16.876	0.239
15.260	16.877	0.239
15.270	16.877	0.239
15.280	16.881	0.239
15.290	16.882	0.239
15.300	16.882	0.239
15.310	16.883	0.239
15.320	16.883	0.239
15.330	16.884	0.239
15.340	16.880	0.239
15.350	16.880	0.239
15.360	16.880	0.239
15.370	16.881	0.239
15.380	16.881	0.239
15.390	16.877	0.239
15.400	16.877	0.239
15.410	16.878	0.239
15.420	16.878	0.239
15.430	16.878	0.239
15.440	16.879	0.239
15.450	16.879	0.239
15.460	16.884	0.239
15.470	16.884	0.239
15.480	16.885	0.239
15.490	16.885	0.239
15.500	16.885	0.239
15.510	16.886	0.239
15.520	16.890	0.239
15.530	16.891	0.239
15.540	16.891	0.239
15.550	16.892	0.239
15.560	16.892	0.239
15.570	16.892	0.239
15.580	16.888	0.239
15.590	16.876	0.239
15.600	16.876	0.239
15.610	16.877	0.239
15.620	16.877	0.239
15.630	16.877	0.239
15.640	16.877	0.239
15.650	16.878	0.239
15.660	16.878	0.239
15.670	16.879	0.239
15.680	16.879	0.239
15.690	16.880	0.239
15.700	16.880	0.239
15.710	16.880	0.239
15.720	16.881	0.239
15.730	16.881	0.239
15.740	16.881	0.239
15.750	16.882	0.239
15.760	16.882	0.239
15.770	16.883	0.239
15.780	16.887	0.239
15.790	16.887	0.239
15.800	16.888	0.239
15.810	16.888	0.239
15.820	16.889	0.239
15.830	16.889	0.239
15.840	16.890	0.239
15.850	16.890	0.239
15.860	16.890	0.239
15.870	16.886	0.239
15.880	16.887	0.239
15.890	16.887	0.239
15.900	16.887	0.239
15.910	16.888	0.239
15.920	16.888	0.239
15.930	16.888	0.239
15.940	16.876	0.239
15.950	16.876	0.239
15.960	16.877	0.239
15.970	16.877	0.239
15.980	16.877	0.239
15.990	16.878	0.239
16.000	16.882	0.239
16.010	16.883	0.239
16.020	16.883	0.239
16.030	16.884	0.239
16.040	16.884	0.239
16.050	16.884	0.239
16.060	16.889	0.239
16.070	16.885	0.239
16.080	16.885	0.239
16.090	16.886	0.239
16.100	16.886	0.239
16.110	16.887	0.239
16.120	16.883	0.239
16.130	16.883	0.239
16.140	16.883	0.239
16.150	16.884	0.239
16.160	16.884	0.239
16.170	16.884	0.239
16.180	16.885	0.239
16.190	16.885	0.239
16.200	16.886	0.239
16.210	16.886	0.239
16.220	16.886	0.239
16.230	16.891	0.239
16.240	16.891	0.239
16.250	16.892	0.239
16.260	16.892	0.239
16.270	16.893	0.239
16.280	16.897	0.239
16.290	16.884	0.239
16.300	16.885	0.239
16.310	16.885	0.239
16.320	16.886	0.239
16.330	16.886	0.239
16.340	16.891	0.239
16.350	16.891	0.239
16.360	16.887	0.239
16.370	16.887	0.239
16.380	16.888	0.239
16.390	16.884	0.239
16.400	16.884	0.239
16.410	16.885	0.239
16.420	16.885	0.239
16.430	16.885	0.239
16.440	16.886	0.239
16.450	16.886	0.239
16.460	16.887	0.239
16.470	16.887	0.239
16.480	16.887	0.239
16.490	16.888	0.239
16.500	16.888	0.239
16.510	16.888	0.239
16.520	16.889	0.239
16.530	16.889	0.239
16.540	16.894	0.239
16.550	16.894	0.239
16.560	16.895	0.239
16.570	16.895	0.239
16.580	16.895	0.239
16.590	16.896	0.239
16.600	16.896	0.239
16.610	16.896	0.239
16.620	16.897	0.239
16.630	16.897	0.239
16.640	16.885	0.239
16.650	16.885	0.239
16.660	16.885	0.239
16.670	16.881	0.239
16.680	16.882	0.239
16.690	16.882	0.239
16.700	16.883	0.239
16.710	16.883	0.239
16.720	16.883	0.239
16.730	16.884	0.239
16.740	16.884	0.239
16.750	16.884	0.239
16.760	16.889	0.239
16.770	16.890	0.239
16.780	16.890	0.239
16.790	16.890	0.239
16.800	16.895	0.239
16.810	16.895	0.239
16.820	16.896	0.239
16.830	16.896	0.239
16.840	16.896	0.239
16.850	16.897	0.239
16.860	16.897	0.239
16.870	16.893	0.239
16.880	16.893	0.239
16.890	16.894	0.239
16.900	16.894	0.239
16.910	16.895	0.239
16.920	16.891	0.239
16.930	16.891	0.239
16.940	16.891	0.239
16.950	16.892	0.239
16.960	16.892	0.239
16.970	16.893	0.239
16.980	16.893	0.239
16.990	16.881	0.239
17.000	16.881	0.239
17.010	16.881	0.239
17.020	16.881	0.239
17.030	16.882	0.239
17.040	16.882	0.239
17.050	16.887	0.239
17.060	16.883	0.239
17.070	16.888	0.239
17.080	16.888	0.239
17.090	16.888	0.239
17.100	16.889	0.239
17.110	16.889	0.239
17.120	16.890	0.239
17.130	16.890	0.239
17.140	16.890	0.239
17.150	16.886	0.239
17.160	16.891	0.239
17.170	16.887	0.239
17.180	16.887	0.239
17.190	16.888	0.239
17.200	16.888	0.239
17.210	16.889	0.239
17.220	16.889	0.239
17.230	16.889	0.239
17.240	16.890	0.239
17.250	16.890	0.239
17.260	16.890	0.239
17.270	16.891	0.239
17.280	16.891	0.239
17.290	16.896	0.239
17.300	16.896	0.239
17.310	16.896	0.239
17.320	16.897	0.239
17.330	16.884	0.239
17.340	16.885	0.239
17.350	16.885	0.239
17.360	16.890	0.239
17.370	16.886	0.239
17.380	16.890	0.239
17.390	16.891	0.239
17.400	16.887	0.239
17.410	16.887	0.239
17.420	16.888	0.239
17.430	16.888	0.239
17.440	16.884	0.239
17.450	16.884	0.239
17.460	16.885	0.239
17.470	16.885	0.239
17.480	16.886	0.239
17.490	16.886	0.239
17.500	16.886	0.239
17.510	16.887	0.239
17.520	16.891	0.239
17.530	16.892	0.239
17.540	16.892	0.239
17.550	16.893	0.239
17.560	16.893	0.239
17.570	16.897	0.239
17.580	16.898	0.239
17.590	16.894	0.239
17.600	16.894	0.239
17.610	16.895	0.239
17.620	16.895	0.239
17.630	16.896	0.239
17.640	16.896	0.239
17.650	16.900	0.239
17.660	16.896	0.239
17.670	16.897	0.239
17.680	16.884	0.239
17.690	16.881	0.239
17.700	16.881	0.239
17.710	16.881	0.239
17.720	16.881	0.239
17.730	16.882	0.239
17.740	16.882	0.239
17.750	16.883	0.239
17.760	16.883	0.239
17.770	16.884	0.239
17.780	16.884	0.239
17.790	16.884	0.239
17.800	16.889	0.239
17.810	16.889	0.239
17.820	16.890	0.239
17.830	16.890	0.239
17.840	16.890	0.239
17.850	16.891	0.239
17.860	16.891	0.239
17.870	16.891	0.239
17.880	16.892	0.239
17.890	16.892	0.239
17.900	16.893	0.239
17.910	16.893	0.239
17.920	16.893	0.239
17.930	16.893	0.239
17.940	16.890	0.239
17.950	16.890	0.239
17.960	16.890	0.239
17.970	16.891	0.239
17.980	16.891	0.239
17.990	16.892	0.239
18.000	16.892	0.239
18.010	16.892	0.239
18.020	16.893	0.239
18.030	16.880	0.239
18.040	16.881	0.239
18.050	16.881	0.239
18.060	16.881	0.239
18.070	16.886	0.239
18.080	16.886	0.239
18.090	16.887	0.239
18.100	16.887	0.239
18.110	16.887	0.239
18.120	16.892	0.239
18.130	16.893	0.239
18.140	16.888	0.239
18.150	16.889	0.239
18.160	16.889	0.239
18.170	16.890	0.239
18.180	16.890	0.239
18.190	16.890	0.239
18.200	16.891	0.239
18.210	16.891	0.239
18.220	16.887	0.239
18.230	16.887	0.239
18.240	16.888	0.239
18.250	16.888	0.239
18.260	16.889	0.239
18.270	16.889	0.239
18.280	16.890	0.239
18.290	16.890	0.239
18.300	16.890	0.239
18.310	16.890	0.239
18.320	16.891	0.239
18.330	16.896	0.239
18.340	16.892	0.239
18.350	16.892	0.239
18.360	16.892	0.239
18.370	16.897	0.239
18.380	16.884	0.239
18.390	16.885	0.239
18.400	16.881	0.239
18.410	16.886	0.239
18.420	16.886	0.239
18.430	16.886	0.239
18.440	16.887	0.239
18.450	16.887	0.239
18.460	16.887	0.239
18.470	16.888	0.239
18.480	16.884	0.239
18.490	16.884	0.239
18.500	16.884	0.239
18.510	16.885	0.239
18.520	16.885	0.239
18.530	16.886	0.239
18.540	16.886	0.239
18.550	16.887	0.239
18.560	16.887	0.239
18.570	16.887	0.239
18.580	16.892	0.239
18.590	16.892	0.239
18.600	16.893	0.239
18.610	16.893	0.239
18.620	16.893	0.239
18.630	16.898	0.239
18.640	16.898	0.239
18.650	16.899	0.239
18.660	16.899	0.239
18.670	16.895	0.239
18.680	16.896	0.239
18.690	16.896	0.239
18.700	16.896	0.239
18.710	16.896	0.239
18.720	16.893	0.239
18.730	16.880	0.239
18.740	16.881	0.239
18.750	16.881	0.239
18.760	16.881	0.239
18.770	16.882	0.239
18.780	16.882	0.239
18.790	16.882	0.239
18.800	16.883	0.239
18.810	16.883	0.239
18.820	16.884	0.239
18.830	16.884	0.239
18.840	16.889	0.239
18.850	16.884	0.239
18.860	16.889	0.239
18.870	16.890	0.239
18.880	16.890	0.239
18.890	16.890	0.239
18.900	16.891	0.239
18.910	16.891	0.239
18.920	16.891	0.239
18.930	16.892	0.239
18.940	16.892	0.239
18.950	16.893	0.239
18.960	16.893	0.239
18.970	16.893	0.239
18.980	16.894	0.239
18.990	16.894	0.239
19.000	16.890	0.239
19.010	16.890	0.239
19.020	16.891	0.239
19.030	16.891	0.239
19.040	16.892	0.239
19.050	16.892	0.239
19.060	16.896	0.239
19.070	16.897	0.239
19.080	16.884	0.239
19.090	16.885	0.239
19.100	16.885	0.239
19.110	16.886	0.239
19.120	16.890	0.239
19.130	16.890	0.239
19.140	16.891	0.239
19.150	16.891	0.239
19.160	16.892	0.239
19.170	16.888	0.239
19.180	16.888	0.239
19.190	16.889	0.239
19.200	16.889	0.239
19.210	16.889	0.239
19.220	16.890	0.239
19.230	16.890	0.239
19.240	16.886	0.239
19.250	16.887	0.239
19.260	16.887	0.239
19.270	16.887	0.239
19.280	16.887	0.239
19.290	16.888	0.239
19.300	16.888	0.239
19.310	16.889	0.239
19.320	16.889	0.239
19.330	16.890	0.239
19.340	16.894	0.239
19.350	16.894	0.239
19.360	16.895	0.239
19.370	16.895	0.239
19.380	16.896	0.239
19.390	16.896	0.239
19.400	16.896	0.239
19.410	16.901	0.239
19.420	16.901	0.239
19.430	16.889	0.239
19.440	16.889	0.239
19.450	16.890	0.239
19.460	16.886	0.239
19.470	16.886	0.239
19.480	16.887	0.239
19.490	16.887	0.239
19.500	16.887	0.239
19.510	16.883	0.239
19.520	16.884	0.239
19.530	16.888	0.239
19.540	16.889	0.239
19.550	16.885	0.239
19.560	16.885	0.239
19.570	16.885	0.239
19.580	16.886	0.239
19.590	16.886	0.239
19.600	16.887	0.239
19.610	16.891	0.239
19.620	16.892	0.239
19.630	16.892	0.239
19.640	16.892	0.239
19.650	16.893	0.239
19.660	16.893	0.239
19.670	16.893	0.239
19.680	16.898	0.239
19.690	16.894	0.239
19.700	16.894	0.239
19.710	16.895	0.239
19.720	16.895	0.239
19.730	16.896	0.239
19.740	16.896	0.239
19.750	16.896	0.239
19.760	16.893	0.239
19.770	16.893	0.239
19.780	16.884	0.239
19.790	16.885	0.239
19.800	16.885	0.239
19.810	16.881	0.239
19.820	16.882	0.239
19.830	16.882	0.239
19.840	16.882	0.239
19.850	16.887	0.239
19.860	16.887	0.239
19.870	16.888	0.239
19.880	16.888	0.239
19.890	16.889	0.239
19.900	16.889	0.239
19.910	16.889	0.239
19.920	16.890	0.239
19.930	16.890	0.239
19.940	16.890	0.239
19.950	16.891	0.239
19.960	16.891	0.239
19.970	16.892	0.239
19.980	16.892	0.239
19.990	16.892	0.239
20.000	16.893	0.239
20.010	16.893	0.239
20.020	16.893	0.239
20.030	16.894	0.239
20.040	16.894	0.239
20.050	16.894	0.239
20.060	16.895	0.239
20.070	16.895	0.239
20.080	16.896	0.239
20.090	16.896	0.239
20.100	16.896	0.239
20.110	16.897	0.239
20.120	16.897	0.239
20.130	16.884	0.239
20.140	16.885	0.239
20.150	16.890	0.239
20.160	16.886	0.239
20.170	16.890	0.239
20.180	16.887	0.239
20.190	16.891	0.239
20.200	16.887	0.239
20.210	16.887	0.239
20.220	16.888	0.239
20.230	16.888	0.239
20.240	16.889	0.239
20.250	16.889	0.239
20.260	16.889	0.239
20.270	16.890	0.239
20.280	16.886	0.239
20.290	16.890	0.239
20.300	16.887	0.239
20.310	16.891	0.239
20.320	16.887	0.239
20.330	16.892	0.239
20.340	16.892	0.239
20.350	16.893	0.239
20.360	16.893	0.239
20.370	16.893	0.239
20.380	16.894	0.239
20.390	16.894	0.239
20.400	16.899	0.239
20.410	16.899	0.239
20.420	16.899	0.239
20.430	16.900	0.239
20.440	16.900	0.239
20.450	16.901	0.239
20.460	16.901	0.239
20.470	16.901	0.239
20.480	16.889	0.239
20.490	16.889	0.239
20.500	16.885	0.239
20.510	16.886	0.239
20.520	16.886	0.239
20.530	16.887	0.239
20.540	16.887	0.239
20.550	16.887	0.239
20.560	16.887	0.239
20.570	16.888	0.239
20.580	16.888	0.239
20.590	16.884	0.239
20.600	16.885	0.239
20.610	16.889	0.239
20.620	16.885	0.239
20.630	16.890	0.239
20.640	16.890	0.239
20.650	16.891	0.239
20.660	16.891	0.239
20.670	16.892	0.239
20.680	16.892	0.239
20.690	16.892	0.239
20.700	16.893	0.239
20.710	16.889	0.239
20.720	16.889	0.239
20.730	16.890	0.239
20.740	16.890	0.239
20.750	16.890	0.239
20.760	16.890	0.239
20.770	16.887	0.239
20.780	16.887	0.239
20.790	16.892	0.239
20.800	16.888	0.239
20.810	16.888	0.239
20.820	16.893	0.239
20.830	16.876	0.239
20.840	16.876	0.239
20.850	16.877	0.239
20.860	16.877	0.239
20.870	16.882	0.239
20.880	16.882	0.239
20.890	16.882	0.239
20.900	16.883	0.239
20.910	16.883	0.239
20.920	16.884	0.239
20.930	16.884	0.239
20.940	16.884	0.239
20.950	16.885	0.239
20.960	16.885	0.239
20.970	16.885	0.239
20.980	16.886	0.239
20.990	16.886	0.239
21.000	16.887	0.239
21.010	16.883	0.239
21.020	16.883	0.239
21.030	16.883	0.239
21.040	16.884	0.239
21.050	16.884	0.239
21.060	16.884	0.239
21.070	16.885	0.239
21.080	16.885	0.239
21.090	16.886	0.239
21.100	16.890	0.239
21.110	16.890	0.239
21.120	16.891	0.239
21.130	16.891	0.239
21.140	16.892	0.239
21.150	16.892	0.239
21.160	16.893	0.239
21.170	16.897	0.239
21.180	16.880	0.239
21.190	16.885	0.239
21.200	16.881	0.239
21.210	16.886	0.239
21.220	16.882	0.239
21.230	16.882	0.239
21.240	16.887	0.239
21.250	16.883	0.239
21.260	16.883	0.239
21.270	16.884	0.239
21.280	16.884	0.239
21.290	16.880	0.239
21.300	16.884	0.239
21.310	16.881	0.239
21.320	16.881	0.239
21.330	16.881	0.239
21.340	16.886	0.239
21.350	16.882	0.239
21.360	16.887	0.239
21.370	16.887	0.239
21.380	16.887	0.239
21.390	16.892	0.239
21.400	16.893	0.239
21.410	16.893	0.239
21.420	16.893	0.239
21.430	16.894	0.239
21.440	16.894	0.239
21.450	16.894	0.239
21.460	16.895	0.239
21.470	16.895	0.239
21.480	16.896	0.239
21.490	16.896	0.239
21.500	16.892	0.239
21.510	16.896	0.239
21.520	16.893	0.239
21.530	16.880	0.239
21.540	16.881	0.239
21.550	16.881	0.239
21.560	16.881	0.239
21.570	16.882	0.239
21.580	16.882	0.239
21.590	16.882	0.239
21.600	16.883	0.239
21.610	16.883	0.239
21.620	16.888	0.239
21.630	16.888	0.239
21.640	16.889	0.239
21.650	16.884	0.239
21.660	16.889	0.239
21.670	16.890	0.239
21.680	16.890	0.239
21.690	16.890	0.239
21.700	16.895	0.239
21.710	16.896	0.239
21.720	16.891	0.239
21.730	16.896	0.239
21.740	16.892	0.239
21.750	16.893	0.239
21.760	16.893	0.239
21.770	16.893	0.239
21.780	16.894	0.239
21.790	16.894	0.239
21.800	16.890	0.239
21.810	16.895	0.239
21.820	16.891	0.239
21.830	16.896	0.239
21.840	16.892	0.239
21.850	16.896	0.239
21.860	16.892	0.239
21.870	16.897	0.239
21.880	16.884	0.239
21.890	16.885	0.239
21.900	16.885	0.239
21.910	16.886	0.239
21.920	16.886	0.239
21.930	16.886	0.239
21.940	16.887	0.239
21.950	16.891	0.239
21.960	16.892	0.239
21.970	16.892	0.239
21.980	16.893	0.239
21.990	16.893	0.239
22.000	16.893	0.239
22.010	16.893	0.239
22.020	16.890	0.239
22.030	16.890	0.239
22.040	16.890	0.239
22.050	16.891	0.239
22.060	16.891	0.239
22.070	16.891	0.239
22.080	16.892	0.239
22.090	16.888	0.239
22.100	16.893	0.239
22.110	16.893	0.239
22.120	16.893	0.239
22.130	16.893	0.239
22.140	16.894	0.239
22.150	16.894	0.239
22.160	16.895	0.239
22.170	16.895	0.239
22.180	16.896	0.239
22.190	16.896	0.239
22.200	16.896	0.239
22.210	16.896	0.239
22.220	16.897	0.239
22.230	16.884	0.239
22.240	16.885	0.239
22.250	16.885	0.239
22.260	16.886	0.239
22.270	16.886	0.239
22.280	16.886	0.239
22.290	16.887	0.239
22.300	16.887	0.239
22.310	16.883	0.239
22.320	16.884	0.239
22.330	16.884	0.239
22.340	16.884	0.239
22.350	16.884	0.239
22.360	16.885	0.239
22.370	16.885	0.239
22.380	16.886	0.239
22.390	16.886	0.239
22.400	16.887	0.239
22.410	16.891	0.239
22.420	16.891	0.239
22.430	16.892	0.239
22.440	16.892	0.239
22.450	16.893	0.239
22.460	16.893	0.239
22.470	16.893	0.239
22.480	16.893	0.239
22.490	16.894	0.239
22.500	16.894	0.239
22.510	16.895	0.239
22.520	16.895	0.239
22.530	16.896	0.239
22.540	16.896	0.239
22.550	16.896	0.239
22.560	16.896	0.239
22.570	16.897	0.239
22.580	16.880	0.239
22.590	16.885	0.239
22.600	16.885	0.239
22.610	16.881	0.239
22.620	16.886	0.239
22.630	16.886	0.239
22.640	16.887	0.239
22.650	16.887	0.239
22.660	16.887	0.239
22.670	16.888	0.239
22.680	16.888	0.239
22.690	16.888	0.239
22.700	16.889	0.239
22.710	16.893	0.239
22.720	16.894	0.239
22.730	16.890	0.239
22.740	16.895	0.239
22.750	16.890	0.239
22.760	16.891	0.239
22.770	16.896	0.239
22.780	16.896	0.239
22.790	16.896	0.239
22.800	16.893	0.239
22.810	16.893	0.239
22.820	16.893	0.239
22.830	16.893	0.239
22.840	16.894	0.239
22.850	16.894	0.239
22.860	16.890	0.239
22.870	16.891	0.239
22.880	16.891	0.239
22.890	16.891	0.239
22.900	16.887	0.239
22.910	16.892	0.239
22.920	16.888	0.239
22.930	16.876	0.239
22.940	16.876	0.239
22.950	16.877	0.239
22.960	16.881	0.239
22.970	16.881	0.239
22.980	16.882	0.239
22.990	16.882	0.239
23.000	16.883	0.239
23.010	16.883	0.239
23.020	16.884	0.239
23.030	16.884	0.239
23.040	16.884	0.239
23.050	16.884	0.239
23.060	16.885	0.239
23.070	16.881	0.239
23.080	16.881	0.239
23.090	16.882	0.239
23.100	16.882	0.239
23.110	16.882	0.239
23.120	16.883	0.239
23.130	16.883	0.239
23.140	16.884	0.239
23.150	16.884	0.239
23.160	16.884	0.239
23.170	16.880	0.239
23.180	16.885	0.239
23.190	16.881	0.239
23.200	16.886	0.239
23.210	16.886	0.239
23.220	16.887	0.239
23.230	16.887	0.239
23.240	16.891	0.239
23.250	16.892	0.239
23.260	16.892	0.239
23.270	16.893	0.239
23.280	16.897	0.239
23.290	16.881	0.239
23.300	16.881	0.239
23.310	16.881	0.239
23.320	16.886	0.239
23.330	16.886	0.239
23.340	16.887	0.239
23.350	16.883	0.239
23.360	16.883	0.239
23.370	16.883	0.239
23.380	16.884	0.239
23.390	16.880	0.239
23.400	16.880	0.239
23.410	16.881	0.239
23.420	16.881	0.239
23.430	16.881	0.239
23.440	16.886	0.239
23.450	16.882	0.239
23.460	16.882	0.239
23.470	16.887	0.239
23.480	16.887	0.239
23.490	16.888	0.239
23.500	16.888	0.239
23.510	16.888	0.239
23.520	16.889	0.239
23.530	16.889	0.239
23.540	16.890	0.239
23.550	16.890	0.239
23.560	16.890	0.239
23.570	16.891	0.239
23.580	16.891	0.239
23.590	16.891	0.239
23.600	16.892	0.239
23.610	16.892	0.239
23.620	16.893	0.239
23.630	16.893	0.239
23.640	16.881	0.239
23.650	16.881	0.239
23.660	16.881	0.239
23.670	16.877	0.239
23.680	16.877	0.239
23.690	16.878	0.239
23.700	16.878	0.239
23.710	16.878	0.239
23.720	16.879	0.239
23.730	16.879	0.239
23.740	16.880	0.239
23.750	16.880	0.239
23.760	16.885	0.239
23.770	16.885	0.239
23.780	16.885	0.239
23.790	16.886	0.239
23.800	16.886	0.239
23.810	16.887	0.239
23.820	16.887	0.239
23.830	16.883	0.239
23.840	16.884	0.239
23.850	16.884	0.239
23.860	16.884	0.239
23.870	16.884	0.239
23.880	16.885	0.239
23.890	16.885	0.239
23.900	16.886	0.239
23.910	16.886	0.239
23.920	16.886	0.239
23.930	16.887	0.239
23.940	16.887	0.239
23.950	16.887	0.239
23.960	16.888	0.239
23.970	16.888	0.239
23.980	16.889	0.239
23.990	16.876	0.239
24.000	16.876	0.239
24.010	16.877	0.239
24.020	16.881	0.239
24.030	16.882	0.239
24.040	16.882	0.239
24.050	16.883	0.239
24.060	16.883	0.239
24.070	16.883	0.239
24.080	16.884	0.239
24.090	16.884	0.239
24.100	16.884	0.239
24.110	16.885	0.239
24.120	16.885	0.239
24.130	16.885	0.239
24.140	16.886	0.239
24.150	16.886	0.239
24.160	16.887	0.239
24.170	16.887	0.239
24.180	16.883	0.239
24.190	16.883	0.239
24.200	16.884	0.239
24.210	16.884	0.239
24.220	16.884	0.239
24.230	16.889	0.239
24.240	16.890	0.239
24.250	16.890	0.239
24.260	16.890	0.239
24.270	16.890	0.239
24.280	16.891	0.239
24.290	16.891	0.239
24.300	16.892	0.239
24.310	16.892	0.239
24.320	16.893	0.239
24.330	16.893	0.239
24.340	16.884	0.239
24.350	16.885	0.239
24.360	16.885	0.239
24.370	16.886	0.239
24.380	16.886	0.239
24.390	16.887	0.239
24.400	16.882	0.239
24.410	16.883	0.239
24.420	16.883	0.239
24.430	16.884	0.239
24.440	16.884	0.239
24.450	16.884	0.239
24.460	16.884	0.239
24.470	16.889	0.239
24.480	16.885	0.239
24.490	16.886	0.239
24.500	16.886	0.239
24.510	16.887	0.239
24.520	16.887	0.239
24.530	16.891	0.239
24.540	16.892	0.239
24.550	16.892	0.239
24.560	16.893	0.239
24.570	16.893	0.239
24.580	16.893	0.239
24.590	16.894	0.239
24.600	16.894	0.239
24.610	16.894	0.239
24.620	16.895	0.239
24.630	16.895	0.239
24.640	16.896	0.239
24.650	16.896	0.239
24.660	16.892	0.239
24.670	16.892	0.239
24.680	16.897	0.239
24.690	16.884	0.239
24.700	16.885	0.239
24.710	16.885	0.239
24.720	16.886	0.239
24.730	16.890	0.239
24.740	16.890	0.239
24.750	16.891	0.239
24.760	16.891	0.239
24.770	16.892	0.239
24.780	16.892	0.239
24.790	16.893	0.239
24.800	16.893	0.239
24.810	16.893	0.239
24.820	16.893	0.239
24.830	16.894	0.239
24.840	16.894	0.239
24.850	16.895	0.239
24.860	16.895	0.239
24.870	16.895	0.239
24.880	16.896	0.239
24.890	16.892	0.239
24.900	16.892	0.239
24.910	16.893	0.239
24.920	16.893	0.239
24.930	16.893	0.239
24.940	16.893	0.239
24.950	16.894	0.239
24.960	16.894	0.239
24.970	16.895	0.239
24.980	16.895	0.239
24.990	16.896	0.239
25.000	16.900	0.239
25.010	16.900	0.239
25.020	16.901	0.239
25.030	16.901	0.239
25.040	16.889	0.239
25.050	16.889	0.239
25.060	16.890	0.239
25.070	16.890	0.239
25.080	16.890	0.239
25.090	16.890	0.239
25.100	16.891	0.239
25.110	16.891	0.239
25.120	16.892	0.239
25.130	16.892	0.239
25.140	16.892	0.239
25.150	16.893	0.239
25.160	16.889	0.239
25.170	16.889	0.239
25.180	16.890	0.239
25.190	16.890	0.239
25.200	16.890	0.239
25.210	16.890	0.239
25.220	16.891	0.239
25.230	16.891	0.239
25.240	16.892	0.239
25.250	16.892	0.239
25.260	16.893	0.239
25.270	16.893	0.239
25.280	16.893	0.239
25.290	16.893	0.239
25.300	16.898	0.239
25.310	16.899	0.239
25.320	16.895	0.239
25.330	16.895	0.239
25.340	16.895	0.239
25.350	16.896	0.239
25.360	16.896	0.239
25.370	16.896	0.239
25.380	16.897	0.239
25.390	16.897	0.239
25.400	16.881	0.239
25.410	16.881	0.239
25.420	16.881	0.239
25.430	16.881	0.239
25.440	16.882	0.239
25.450	16.882	0.239
25.460	16.883	0.239
25.470	16.887	0.239
25.480	16.887	0.239
25.490	16.888	0.239
25.500	16.888	0.239
25.510	16.889	0.239
25.520	16.889	0.239
25.530	16.894	0.239
25.540	16.890	0.239
25.550	16.894	0.239
25.560	16.895	0.239
25.570	16.895	0.239
25.580	16.896	0.239
25.590	16.896	0.239
25.600	16.896	0.239
25.610	16.896	0.239
25.620	16.897	0.239
25.630	16.897	0.239
25.640	16.893	0.239
25.650	16.894	0.239
25.660	16.899	0.239
25.670	16.895	0.239
25.680	16.895	0.239
25.690	16.895	0.239
25.700	16.896	0.239
25.710	16.896	0.239
25.720	16.896	0.239
25.730	16.897	0.239
25.740	16.893	0.239
25.750	16.884	0.239
25.760	16.885	0.239
25.770	16.885	0.239
25.780	16.886	0.239
25.790	16.886	0.239
25.800	16.887	0.239
25.810	16.887	0.239
25.820	16.887	0.239
25.830	16.892	0.239
25.840	16.888	0.239
25.850	16.893	0.239
25.860	16.893	0.239
25.870	16.893	0.239
25.880	16.893	0.239
25.890	16.894	0.239
25.900	16.894	0.239
25.910	16.895	0.239
25.920	16.895	0.239
25.930	16.896	0.239
25.940	16.896	0.239
25.950	16.892	0.239
25.960	16.896	0.239
25.970	16.893	0.239
25.980	16.897	0.239
25.990	16.898	0.239
26.000	16.898	0.239
26.010	16.899	0.239
26.020	16.899	0.239
26.030	16.899	0.239
26.040	16.899	0.239
26.050	16.900	0.239
26.060	16.900	0.239
26.070	16.901	0.239
26.080	16.901	0.239
26.090	16.901	0.239
26.100	16.889	0.239
26.110	16.889	0.239
26.120	16.890	0.239
26.130	16.890	0.239
26.140	16.890	0.239
26.150	16.890	0.239
26.160	16.891	0.239
26.170	16.891	0.239
26.180	16.892	0.239
26.190	16.892	0.239
26.200	16.893	0.239
26.210	16.893	0.239
26.220	16.893	0.239
26.230	16.893	0.239
26.240	16.894	0.239
26.250	16.894	0.239
26.260	16.895	0.239
26.270	16.895	0.239
26.280	16.895	0.239
26.290	16.896	0.239
26.300	16.896	0.239
26.310	16.896	0.239
26.320	16.897	0.239
26.330	16.902	0.239
26.340	16.902	0.239
26.350	16.902	0.239
26.360	16.902	0.239
26.370	16.903	0.239
26.380	16.903	0.239
26.390	16.904	0.239
26.400	16.904	0.239
26.410	16.905	0.239
26.420	16.905	0.239
26.430	16.905	0.239
26.440	16.905	0.239
26.450	16.889	0.239
26.460	16.889	0.239
26.470	16.890	0.239
26.480	16.890	0.239
26.490	16.890	0.239
26.500	16.890	0.239
26.510	16.891	0.239
26.520	16.891	0.239
26.530	16.892	0.239
26.540	16.892	0.239
26.550	16.892	0.239
26.560	16.893	0.239
26.570	16.893	0.239
26.580	16.893	0.239
26.590	16.894	0.239
26.600	16.894	0.239
26.610	16.895	0.239
26.620	16.899	0.239
26.630	16.899	0.239
26.640	16.896	0.239
26.650	16.900	0.239
26.660	16.896	0.239
26.670	16.897	0.239
26.680	16.897	0.239
26.690	16.897	0.239
26.700	16.898	0.239
26.710	16.898	0.239
26.720	16.899	0.239
26.730	16.899	0.239
26.740	16.895	0.239
26.750	16.899	0.239
26.760	16.896	0.239
26.770	16.896	0.239
26.780	16.901	0.239
26.790	16.901	0.239
26.800	16.902	0.239
26.810	16.885	0.239
26.820	16.885	0.239
26.830	16.885	0.239
26.840	16.890	0.239
26.850	16.890	0.239
26.860	16.891	0.239
26.870	16.891	0.239
26.880	16.891	0.239
26.890	16.892	0.239
26.900	16.892	0.239
26.910	16.893	0.239
26.920	16.893	0.239
26.930	16.893	0.239
26.940	16.894	0.239
26.950	16.894	0.239
26.960	16.894	0.239
26.970	16.895	0.239
26.980	16.895	0.239
26.990	16.896	0.239
27.000	16.892	0.239
27.010	16.892	0.239
27.020	16.896	0.239
27.030	16.897	0.239
27.040	16.897	0.239
27.050	16.898	0.239
27.060	16.898	0.239
27.070	16.899	0.239
27.080	16.899	0.239
27.090	16.899	0.239
27.100	16.899	0.239
27.110	16.900	0.239
27.120	16.900	0.239
27.130	16.901	0.239
27.140	16.901	0.239
27.150	16.901	0.239
27.160	16.884	0.239
27.170	16.889	0.239
27.180	16.885	0.239
27.190	16.886	0.239
27.200	16.886	0.239
27.210	16.887	0.239
27.220	16.887	0.239
27.230	16.887	0.239
27.240	16.887	0.239
27.250	16.888	0.239
27.260	16.888	0.239
27.270	16.889	0.239
27.280	16.889	0.239
27.290	16.889	0.239
27.300	16.890	0.239
27.310	16.890	0.239
27.320	16.890	0.239
27.330	16.891	0.239
27.340	16.891	0.239
27.350	16.891	0.239
27.360	16.896	0.239
27.370	16.896	0.239
27.380	16.897	0.239
27.390	16.897	0.239
27.400	16.898	0.239
27.410	16.898	0.239
27.420	16.898	0.239
27.430	16.894	0.239
27.440	16.899	0.239
27.450	16.895	0.239
27.460	16.900	0.239
27.470	16.896	0.239
27.480	16.896	0.239
27.490	16.896	0.239
27.500	16.897	0.239
27.510	16.880	0.239
27.520	16.881	0.239
27.530	16.881	0.239
27.540	16.886	0.239
27.550	16.886	0.239
27.560	16.886	0.239
27.570	16.887	0.239
27.580	16.887	0.239
27.590	16.887	0.239
27.600	16.888	0.239
27.610	16.888	0.239
27.620	16.888	0.239
27.630	16.889	0.239
27.640	16.889	0.239
27.650	16.890	0.239
27.660	16.890	0.239
27.670	16.890	0.239
27.680	16.890	0.239
27.690	16.891	0.239
27.700	16.891	0.239
27.710	16.892	0.239
27.720	16.888	0.239
27.730	16.888	0.239
27.740	16.893	0.239
27.750	16.893	0.239
27.760	16.889	0.239
27.770	16.890	0.239
27.780	16.894	0.239
27.790	16.895	0.239
27.800	16.895	0.239
27.810	16.895	0.239
27.820	16.896	0.239
27.830	16.896	0.239
27.840	16.896	0.239
27.850	16.897	0.239
27.860	16.897	0.239
27.870	16.885	0.239
27.880	16.885	0.239
27.890	16.885	0.239
27.900	16.886	0.239
27.910	16.886	0.239
27.920	16.887	0.239
27.930	16.887	0.239
27.940	16.887	0.239
27.950	16.887	0.239
27.960	16.888	0.239
27.970	16.888	0.239
27.980	16.889	0.239
27.990	16.889	0.239
28.000	16.890	0.239
28.010	16.890	0.239
28.020	16.890	0.239
28.030	16.890	0.239
28.040	16.891	0.239
28.050	16.887	0.239
28.060	16.887	0.239
28.070	16.892	0.239
28.080	16.888	0.239
28.090	16.893	0.239
28.100	16.889	0.239
28.110	16.889	0.239
28.120	16.890	0.239
28.130	16.890	0.239
28.140	16.890	0.239
28.150	16.890	0.239
28.160	16.891	0.239
28.170	16.891	0.239
28.180	16.892	0.239
28.190	16.892	0.239
28.200	16.893	0.239
28.210	16.893	0.239
28.220	16.876	0.239
28.230	16.876	0.239
28.240	16.877	0.239
28.250	16.877	0.239
28.260	16.877	0.239
28.270	16.882	0.239
28.280	16.878	0.239
28.290	16.878	0.239
28.300	16.883	0.239
28.310	16.884	0.239
28.320	16.884	0.239
28.330	16.884	0.239
28.340	16.884	0.239
28.350	16.885	0.239
28.360	16.885	0.239
28.370	16.886	0.239
28.380	16.886	0.239
28.390	16.887	0.239
28.400	16.887	0.239
28.410	16.887	0.239
28.420	16.887	0.239
28.430	16.888	0.239
28.440	16.888	0.239
28.450	16.889	0.239
28.460	16.889	0.239
28.470	16.889	0.239
28.480	16.894	0.239
28.490	16.890	0.239
28.500	16.895	0.239
28.510	16.895	0.239
28.520	16.896	0.239
28.530	16.892	0.239
28.540	16.892	0.239
28.550	16.892	0.239
28.560	16.893	0.239
28.570	16.880	0.239
28.580	16.881	0.239
28.590	16.881	0.239
28.600	16.881	0.239
28.610	16.881	0.239
28.620	16.882	0.239
28.630	16.882	0.239
28.640	16.883	0.239
28.650	16.883	0.239
28.660	16.888	0.239
28.670	16.888	0.239
28.680	16.888	0.239
28.690	16.884	0.239
28.700	16.885	0.239
28.710	16.885	0.239
28.720	16.886	0.239
28.730	16.886	0.239
28.740	16.886	0.239
28.750	16.887	0.239
28.760	16.887	0.239
28.770	16.887	0.239
28.780	16.888	0.239
28.790	16.884	0.239
28.800	16.884	0.239
28.810	16.884	0.239
28.820	16.889	0.239
28.830	16.890	0.239
28.840	16.890	0.239
28.850	16.890	0.239
28.860	16.890	0.239
28.870	16.891	0.239
28.880	16.891	0.239
28.890	16.892	0.239
28.900	16.892	0.239
28.910	16.897	0.239
28.920	16.897	0.239
28.930	16.880	0.239
28.940	16.881	0.239
28.950	16.885	0.239
28.960	16.886	0.239
28.970	16.886	0.239
28.980	16.887	0.239
28.990	16.887	0.239
29.000	16.887	0.239
29.010	16.887	0.239
29.020	16.884	0.239
29.030	16.884	0.239
29.040	16.884	0.239
29.050	16.885	0.239
29.060	16.885	0.239
29.070	16.885	0.239
29.080	16.886	0.239
29.090	16.886	0.239
29.100	16.887	0.239
29.110	16.891	0.239
29.120	16.891	0.239
29.130	16.892	0.239
29.140	16.892	0.239
29.150	16.893	0.239
29.160	16.893	0.239
29.170	16.893	0.239
29.180	16.898	0.239
29.190	16.898	0.239
29.200	16.899	0.239
29.210	16.899	0.239
29.220	16.899	0.239
29.230	16.900	0.239
29.240	16.900	0.239
29.250	16.900	0.239
29.260	16.901	0.239
29.270	16.897	0.239
29.280	16.884	0.239
29.290	16.885	0.239
29.300	16.885	0.239
29.310	16.886	0.239
29.320	16.886	0.239
29.330	16.886	0.239
29.340	16.887	0.239
29.350	16.887	0.239
29.360	16.887	0.239
29.370	16.892	0.239
29.380	16.893	0.239
29.390	16.893	0.239
29.400	16.893	0.239
29.410	16.893	0.239
29.420	16.894	0.239
29.430	16.894	0.239
29.440	16.895	0.239
29.450	16.895	0.239
29.460	16.895	0.239
29.470	16.896	0.239
29.480	16.896	0.239
29.490	16.896	0.239
29.500	16.897	0.239
29.510	16.893	0.239
29.520	16.893	0.239
29.530	16.898	0.239
29.540	16.898	0.239
29.550	16.899	0.239
29.560	16.895	0.239
29.570	16.895	0.239
29.580	16.895	0.239
29.590	16.896	0.239
29.600	16.896	0.239
29.610	16.896	0.239
29.620	16.897	0.239
29.630	16.897	0.239
29.640	16.885	0.239
29.650	16.885	0.239
29.660	16.885	0.239
29.670	16.886	0.239
29.680	16.890	0.239
29.690	16.887	0.239
29.700	16.891	0.239
29.710	16.887	0.239
29.720	16.892	0.239
29.730	16.892	0.239
29.740	16.893	0.239
29.750	16.893	0.239
29.760	16.893	0.239
29.770	16.890	0.239
29.780	16.890	0.239
29.790	16.890	0.239
29.800	16.890	0.239
29.810	16.891	0.239
29.820	16.891	0.239
29.830	16.892	0.239
29.840	16.892	0.239
29.850	16.892	0.239
29.860	16.893	0.239
29.870	16.893	0.239
29.880	16.893	0.239
29.890	16.894	0.239
29.900	16.894	0.239
29.910	16.894	0.239
29.920	16.895	0.239
29.930	16.895	0.239
29.940	16.896	0.239
29.950	16.900	0.239
29.960	16.896	0.239
29.970	16.901	0.239
29.980	16.901	0.239
29.990	16.884	0.239
30.000	16.885	0.239
30.010	16.885	0.239
30.020	16.886	0.239
30.030	16.886	0.239
30.040	16.886	0.239
30.050	16.887	0.239
30.060	16.887	0.239
30.070	16.887	0.239
30.080	16.888	0.239
30.090	16.888	0.239
30.100	16.888	0.239
30.110	16.889	0.239
30.120	16.889	0.239
30.130	16.890	0.239
30.140	16.890	0.239
30.150	16.895	0.239
30.160	16.895	0.239
30.170	16.895	0.239
30.180	16.896	0.239
30.190	16.896	0.239
30.200	16.896	0.239
30.210	16.897	0.239
30.220	16.897	0.239
30.230	16.897	0.239
30.240	16.898	0.239
30.250	16.898	0.239
30.260	16.899	0.239
30.270	16.895	0.239
30.280	16.895	0.239
30.290	16.895	0.239
30.300	16.896	0.239
30.310	16.896	0.239
30.320	16.896	0.239
30.330	16.897	0.239
30.340	16.897	0.239
30.350	16.881	0.239
30.360	16.881	0.239
30.370	16.881	0.239
30.380	16.881	0.239
30.390	16.882	0.239
30.400	16.887	0.239
30.410	16.887	0.239
30.420	16.887	0.239
30.430	16.887	0.239
30.440	16.888	0.239
30.450	16.893	0.239
30.460	16.893	0.239
30.470	16.893	0.239
30.480	16.894	0.239
30.490	16.890	0.239
30.500	16.894	0.239
30.510	16.890	0.239
30.520	16.891	0.239
30.530	16.891	0.239
30.540	16.892	0.239
30.550	16.887	0.239
30.560	16.888	0.239
30.570	16.893	0.239
30.580	16.889	0.239
30.590	16.893	0.239
30.600	16.894	0.239
30.610	16.894	0.239
30.620	16.894	0.239
30.630	16.895	0.239
30.640	16.895	0.239
30.650	16.896	0.239
30.660	16.896	0.239
30.670	16.896	0.239
30.680	16.896	0.239
30.690	16.897	0.239
30.700	16.884	0.239
30.710	16.885	0.239
30.720	16.885	0.239
30.730	16.886	0.239
30.740	16.886	0.239
30.750	16.886	0.239
30.760	16.887	0.239
30.770	16.887	0.239
30.780	16.883	0.239
30.790	16.884	0.239
30.800	16.888	0.239
30.810	16.884	0.239
30.820	16.884	0.239
30.830	16.885	0.239
30.840	16.885	0.239
30.850	16.886	0.239
30.860	16.886	0.239
30.870	16.886	0.239
30.880	16.891	0.239
30.890	16.887	0.239
30.900	16.892	0.239
30.910	16.892	0.239
30.920	16.893	0.239
30.930	16.893	0.239
30.940	16.893	0.239
30.950	16.898	0.239
30.960	16.898	0.239
30.970	16.899	0.239
30.980	16.899	0.239
30.990	16.899	0.239
31.000	16.899	0.239
31.010	16.900	0.239
31.020	16.900	0.239
31.030	16.901	0.239
31.040	16.897	0.239
31.050	16.897	0.239
31.060	16.885	0.239
31.070	16.885	0.239
31.080	16.885	0.239
31.090	16.886	0.239
31.100	16.882	0.239
31.110	16.882	0.239
31.120	16.883	0.239
31.130	16.883	0.239
31.140	16.883	0.239
31.150	16.884	0.239
31.160	16.888	0.239
31.170	16.889	0.239
31.180	16.889	0.239
31.190	16.889	0.239
31.200	16.890	0.239
31.210	16.890	0.239
31.220	16.890	0.239
31.230	16.891	0.239
31.240	16.891	0.239
31.250	16.887	0.239
31.260	16.892	0.239
31.270	16.888	0.239
31.280	16.888	0.239
31.290	16.889	0.239
31.300	16.889	0.239
31.310	16.890	0.239
31.320	16.890	0.239
31.330	16.890	0.239
31.340	16.890	0.239
31.350	16.891	0.239
31.360	16.891	0.239
31.370	16.892	0.239
31.380	16.892	0.239