Motion Sensor Data File Oct 31, 2023 3:56 PM
Time (s)	Velocity (cm/s)
0.000	NaN
0.010	0.043
0.020	0.043
0.030	0.000
0.040	0.043
0.050	0.043
0.060	0.043
0.070	0.043
0.080	0.043
0.090	0.473
0.100	0.000
0.110	0.043
0.120	-0.387
0.130	0.043
0.140	0.043
0.150	0.043
0.160	0.043
0.170	-0.430
0.180	0.043
0.190	0.043
0.200	0.043
0.210	0.043
0.220	0.043
0.230	0.473
0.240	-0.430
0.250	0.473
0.260	0.043
0.270	0.043
0.280	0.043
0.290	0.043
0.300	-1.677
0.310	0.473
0.320	0.000
0.330	0.043
0.340	0.043
0.350	0.043
0.360	0.043
0.370	0.043
0.380	0.043
0.390	0.000
0.400	0.043
0.410	-0.387
0.420	0.473
0.430	0.043
0.440	0.043
0.450	0.043
0.460	0.000
0.470	0.043
0.480	0.043
0.490	0.043
0.500	0.043
0.510	0.043
0.520	0.043
0.530	0.430
0.540	0.043
0.550	0.043
0.560	0.473
0.570	0.043
0.580	0.043
0.590	0.043
0.600	0.000
0.610	0.043
0.620	0.043
0.630	0.043
0.640	-1.247
0.650	0.043
0.660	0.043
0.670	-0.430
0.680	0.043
0.690	0.043
0.700	0.043
0.710	0.473
0.720	-0.387
0.730	0.473
0.740	0.043
0.750	-0.430
0.760	0.043
0.770	0.473
0.780	0.043
0.790	0.043
0.800	0.043
0.810	0.473
0.820	-0.430
0.830	0.473
0.840	0.043
0.850	0.043
0.860	0.043
0.870	-0.387
0.880	0.043
0.890	0.000
0.900	0.043
0.910	0.043
0.920	0.043
0.930	0.043
0.940	0.043
0.950	0.043
0.960	0.000
0.970	0.043
0.980	0.043
0.990	-1.247
1.000	0.043
1.010	0.043
1.020	0.043
1.030	0.430
1.040	0.043
1.050	-0.387
1.060	0.473
1.070	0.043
1.080	0.043
1.090	0.043
1.100	0.000
1.110	0.043
1.120	0.043
1.130	0.473
1.140	-0.387
1.150	0.473
1.160	0.043
1.170	-0.387
1.180	0.000
1.190	0.043
1.200	0.043
1.210	0.043
1.220	0.043
1.230	0.043
1.240	0.043
1.250	0.000
1.260	0.043
1.270	0.043
1.280	0.043
1.290	0.043
1.300	0.043
1.310	0.043
1.320	0.000
1.330	0.043
1.340	-1.247
1.350	0.043
1.360	0.043
1.370	0.473
1.380	0.043
1.390	-0.430
1.400	0.043
1.410	0.043
1.420	0.043
1.430	0.043
1.440	0.043
1.450	-0.387
1.460	0.000
1.470	0.043
1.480	0.043
1.490	0.043
1.500	-0.387
1.510	0.473
1.520	-0.387
1.530	0.043
1.540	0.430
1.550	0.043
1.560	0.043
1.570	0.043
1.580	0.043
1.590	0.043
1.600	0.043
1.610	0.000
1.620	0.043
1.630	0.043
1.640	0.043
1.650	0.043
1.660	0.043
1.670	0.043
1.680	0.000
1.690	-1.247
1.700	-0.387
1.710	0.043
1.720	0.473
1.730	0.043
1.740	0.043
1.750	0.000
1.760	0.043
1.770	0.043
1.780	0.043
1.790	0.043
1.800	0.043
1.810	0.043
1.820	0.430
1.830	0.043
1.840	0.043
1.850	0.043
1.860	0.043
1.870	0.043
1.880	0.043
1.890	0.043
1.900	0.000
1.910	-0.387
1.920	0.043
1.930	0.043
1.940	0.043
1.950	0.043
1.960	0.043
1.970	0.000
1.980	0.043
1.990	0.043
2.000	0.043
2.010	0.043
2.020	0.043
2.030	0.043
2.040	-1.290
2.050	0.043
2.060	0.043
2.070	0.043
2.080	0.473
2.090	0.043
2.100	0.043
2.110	0.000
2.120	0.043
2.130	0.043
2.140	0.043
2.150	0.473
2.160	-0.387
2.170	0.043
2.180	0.473
2.190	-0.430
2.200	0.043
2.210	0.043
2.220	0.043
2.230	0.043
2.240	0.043
2.250	0.043
2.260	0.000
2.270	0.043
2.280	0.043
2.290	-0.387
2.300	0.473
2.310	0.043
2.320	0.043
2.330	0.000
2.340	0.043
2.350	0.043
2.360	0.043
2.370	0.043
2.380	0.043
2.390	-1.247
2.400	-0.430
2.410	0.473
2.420	0.043
2.430	-0.387
2.440	0.043
2.450	0.043
2.460	0.043
2.470	0.000
2.480	0.043
2.490	-0.387
2.500	0.473
2.510	0.043
2.520	0.043
2.530	0.043
2.540	0.043
2.550	0.000
2.560	0.043
2.570	0.473
2.580	0.043
2.590	0.043
2.600	0.043
2.610	0.043
2.620	0.430
2.630	0.043
2.640	0.043
2.650	0.043
2.660	0.043
2.670	0.043
2.680	0.043
2.690	-0.430
2.700	0.043
2.710	0.043
2.720	-0.387
2.730	-1.247
2.740	0.043
2.750	0.043
2.760	0.000
2.770	0.043
2.780	0.043
2.790	-0.387
2.800	0.043
2.810	0.473
2.820	0.043
2.830	0.043
2.840	0.000
2.850	0.473
2.860	0.043
2.870	0.043
2.880	0.043
2.890	0.043
2.900	0.043
2.910	0.000
2.920	0.043
2.930	-0.387
2.940	0.043
2.950	0.043
2.960	0.043
2.970	-0.387
2.980	0.000
2.990	0.043
3.000	0.043
3.010	0.043
3.020	0.043
3.030	0.043
3.040	0.043
3.050	0.000
3.060	-0.387
3.070	0.473
3.080	-1.247
3.090	0.043
3.100	0.043
3.110	0.473
3.120	0.000
3.130	0.043
3.140	0.043
3.150	0.043
3.160	0.043
3.170	0.043
3.180	0.043
3.190	0.043
3.200	0.000
3.210	0.043
3.220	0.043
3.230	-0.387
3.240	0.043
3.250	0.043
3.260	0.043
3.270	0.000
3.280	0.043
3.290	0.043
3.300	0.043
3.310	0.043
3.320	0.043
3.330	0.043
3.340	0.000
3.350	0.473
3.360	-0.387
3.370	0.473
3.380	0.043
3.390	0.043
3.400	0.043
3.410	0.043
3.420	0.000
3.430	-1.247
3.440	0.043
3.450	0.043
3.460	0.043
3.470	-0.387
3.480	0.043
3.490	0.000
3.500	0.043
3.510	0.043
3.520	0.043
3.530	-0.387
3.540	0.043
3.550	0.043
3.560	0.000
3.570	0.043
3.580	0.043
3.590	0.043
3.600	0.043
3.610	0.043
3.620	0.043
3.630	0.000
3.640	0.473
3.650	0.043
3.660	0.043
3.670	0.043
3.680	0.043
3.690	0.043
3.700	0.043
3.710	0.000
3.720	0.043
3.730	0.043
3.740	0.043
3.750	0.043
3.760	-0.387
3.770	0.043
3.780	-1.290
3.790	0.043
3.800	0.043
3.810	0.043
3.820	0.043
3.830	0.043
3.840	0.043
3.850	0.000
3.860	0.043
3.870	0.043
3.880	0.043
3.890	0.473
3.900	0.043
3.910	0.043
3.920	0.000
3.930	0.043
3.940	0.043
3.950	0.043
3.960	0.043
3.970	0.043
3.980	0.043
3.990	0.043
4.000	0.000
4.010	0.043
4.020	0.043
4.030	0.043
4.040	0.043
4.050	0.043
4.060	0.043
4.070	0.000
4.080	0.043
4.090	0.043
4.100	-0.387
4.110	0.043
4.120	0.043
4.130	-1.247
4.140	0.000
4.150	0.473
4.160	0.043
4.170	0.043
4.180	0.043
4.190	0.043
4.200	0.473
4.210	0.000
4.220	0.043
4.230	0.043
4.240	0.043
4.250	0.043
4.260	0.043
4.270	-0.387
4.280	0.043
4.290	0.000
4.300	-0.387
4.310	0.043
4.320	0.043
4.330	0.043
4.340	0.043
4.350	0.043
4.360	0.000
4.370	0.473
4.380	0.043
4.390	0.043
4.400	0.473
4.410	0.043
4.420	0.043
4.430	0.000
4.440	0.043
4.450	0.043
4.460	0.043
4.470	-1.247
4.480	-0.387
4.490	0.043
4.500	0.043
4.510	0.000
4.520	0.043
4.530	0.043
4.540	-0.387
4.550	0.043
4.560	0.043
4.570	0.043
4.580	0.000
4.590	0.043
4.600	0.043
4.610	0.473
4.620	0.043
4.630	0.043
4.640	0.043
4.650	0.000
4.660	0.473
4.670	0.043
4.680	0.043
4.690	0.043
4.700	0.043
4.710	0.043
4.720	0.043
4.730	0.000
4.740	0.043
4.750	0.043
4.760	0.043
4.770	0.043
4.780	0.043
4.790	-0.387
4.800	0.000
4.810	0.043
4.820	-1.247
4.830	0.043
4.840	0.043
4.850	0.043
4.860	0.043
4.870	0.000
4.880	0.043
4.890	0.043
4.900	0.043
4.910	0.043
4.920	0.043
4.930	0.473
4.940	0.000
4.950	0.043
4.960	0.043
4.970	0.473
4.980	0.043
4.990	-0.387
5.000	0.043
5.010	0.043
5.020	0.000
5.030	0.043
5.040	0.043
5.050	-0.387
5.060	0.473
5.070	-0.387
5.080	0.043
5.090	0.000
5.100	0.043
5.110	0.043
5.120	0.043
5.130	0.043
5.140	0.043
5.150	0.043
5.160	0.000
5.170	-1.247
5.180	0.473
5.190	0.043
5.200	0.043
5.210	0.473
5.220	0.043
5.230	-0.387
5.240	0.430
5.250	0.043
5.260	-0.387
5.270	0.043
5.280	0.043
5.290	0.043
5.300	-0.387
5.310	0.000
5.320	0.043
5.330	0.043
5.340	0.043
5.350	0.043
5.360	0.043
5.370	0.043
5.380	0.000
5.390	0.043
5.400	0.043
5.410	0.043
5.420	0.043
5.430	0.043
5.440	0.043
5.450	0.043
5.460	0.430
5.470	0.043
5.480	0.043
5.490	0.043
5.500	-0.387
5.510	0.043
5.520	-0.817
5.530	-0.430
5.540	0.043
5.550	0.043
5.560	0.043
5.570	0.043
5.580	0.043
5.590	0.043
5.600	0.000
5.610	-0.387
5.620	0.043
5.630	0.043
5.640	0.043
5.650	0.043
5.660	0.473
5.670	0.043
5.680	0.000
5.690	0.043
5.700	0.043
5.710	0.043
5.720	0.473
5.730	0.043
5.740	0.043
5.750	0.000
5.760	0.043
5.770	0.043
5.780	0.043
5.790	-0.387
5.800	0.043
5.810	0.043
5.820	0.000
5.830	0.043
5.840	0.043
5.850	0.043
5.860	-1.677
5.870	0.473
5.880	-0.387
5.890	0.043
5.900	0.000
5.910	0.473
5.920	0.043
5.930	0.043
5.940	0.043
5.950	0.043
5.960	0.473
5.970	0.000
5.980	0.043
5.990	0.043
6.000	0.043
6.010	0.043
6.020	0.043
6.030	0.043
6.040	0.000
6.050	-0.387
6.060	0.043
6.070	0.043
6.080	0.043
6.090	0.043
6.100	-0.387
6.110	0.043
6.120	0.000
6.130	0.043
6.140	0.043
6.150	0.043
6.160	0.043
6.170	0.043
6.180	0.473
6.190	-0.430
6.200	0.473
6.210	-1.247
6.220	0.043
6.230	0.043
6.240	0.043
6.250	0.043
6.260	0.000
6.270	0.043
6.280	0.043
6.290	0.043
6.300	0.043
6.310	0.043
6.320	-0.387
6.330	0.473
6.340	-0.430
6.350	0.043
6.360	0.043
6.370	0.043
6.380	0.043
6.390	0.043
6.400	0.043
6.410	0.000
6.420	0.043
6.430	0.043
6.440	0.043
6.450	0.043
6.460	0.473
6.470	0.043
6.480	0.000
6.490	0.043
6.500	0.043
6.510	0.043
6.520	0.043
6.530	0.043
6.540	0.043
6.550	0.043
6.560	-1.290
6.570	0.043
6.580	0.043
6.590	0.043
6.600	0.043
6.610	-0.387
6.620	0.043
6.630	0.000
6.640	0.043
6.650	0.043
6.660	0.043
6.670	0.043
6.680	0.043
6.690	0.043
6.700	0.000
6.710	0.043
6.720	0.043
6.730	0.043
6.740	0.473
6.750	0.043
6.760	0.043
6.770	0.043
6.780	0.000
6.790	0.043
6.800	0.043
6.810	0.043
6.820	0.043
6.830	0.043
6.840	0.043
6.850	0.000
6.860	-0.387
6.870	0.043
6.880	0.043
6.890	0.043
6.900	0.043
6.910	-1.247
6.920	0.043
6.930	-0.430
6.940	0.043
6.950	0.473
6.960	0.043
6.970	0.043
6.980	0.473
6.990	0.043
7.000	0.000
7.010	0.043
7.020	0.043
7.030	0.473
7.040	-0.387
7.050	0.043
7.060	0.043
7.070	0.000
7.080	0.043
7.090	0.043
7.100	-0.387
7.110	0.043
7.120	0.473
7.130	-0.387
7.140	0.043
7.150	0.000
7.160	0.043
7.170	0.043
7.180	0.043
7.190	0.043
7.200	0.043
7.210	0.043
7.220	0.430
7.230	0.043
7.240	0.043
7.250	-1.677
7.260	0.043
7.270	0.043
7.280	0.473
7.290	0.000
7.300	-0.387
7.310	0.043
7.320	0.473
7.330	-0.387
7.340	0.473
7.350	0.043
7.360	-0.387
7.370	0.430
7.380	-0.387
7.390	0.043
7.400	0.043
7.410	0.043
7.420	0.043
7.430	0.043
7.440	0.000
7.450	0.043
7.460	0.043
7.470	0.043
7.480	0.043
7.490	0.043
7.500	0.043
7.510	0.430
7.520	0.043
7.530	0.043
7.540	0.043
7.550	0.043
7.560	0.043
7.570	0.043
7.580	0.043
7.590	0.000
7.600	-1.247
7.610	-0.387
7.620	0.043
7.630	0.043
7.640	0.043
7.650	0.043
7.660	0.000
7.670	0.043
7.680	0.043
7.690	0.043
7.700	0.043
7.710	0.473
7.720	0.043
7.730	-0.430
7.740	0.473
7.750	0.043
7.760	0.043
7.770	0.043
7.780	0.043
7.790	0.043
7.800	0.043
7.810	0.000
7.820	0.043
7.830	-0.387
7.840	0.473
7.850	-0.387
7.860	0.043
7.870	0.043
7.880	0.000
7.890	0.043
7.900	0.043
7.910	0.043
7.920	0.043
7.930	0.043
7.940	0.043
7.950	-1.247
7.960	0.000
7.970	0.043
7.980	0.043
7.990	0.043
8.000	0.043
8.010	0.473
8.020	0.043
8.030	0.000
8.040	0.043
8.050	0.043
8.060	0.043
8.070	0.043
8.080	0.043
8.090	0.043
8.100	0.000
8.110	0.043
8.120	0.043
8.130	0.043
8.140	0.043
8.150	-0.387
8.160	0.043
8.170	0.043
8.180	0.000
8.190	0.043
8.200	0.043
8.210	0.043
8.220	0.043
8.230	0.473
8.240	-0.387
8.250	0.000
8.260	0.473
8.270	0.043
8.280	0.043
8.290	-1.247
8.300	0.043
8.310	0.043
8.320	0.000
8.330	0.043
8.340	0.043
8.350	0.043
8.360	0.043
8.370	0.043
8.380	0.043
8.390	0.043
8.400	-0.430
8.410	0.043
8.420	0.043
8.430	0.043
8.440	0.043
8.450	0.043
8.460	-0.387
8.470	0.430
8.480	-0.387
8.490	0.473
8.500	0.043
8.510	0.043
8.520	0.043
8.530	0.043
8.540	0.000
8.550	0.043
8.560	0.043
8.570	0.043
8.580	0.043
8.590	0.043
8.600	0.043
8.610	0.473
8.620	0.000
8.630	-0.387
8.640	-1.247
8.650	0.043
8.660	0.043
8.670	0.043
8.680	0.043
8.690	0.000
8.700	0.043
8.710	0.043
8.720	0.043
8.730	0.043
8.740	0.043
8.750	0.043
8.760	0.043
8.770	0.000
8.780	0.043
8.790	0.043
8.800	0.043
8.810	0.473
8.820	0.043
8.830	0.043
8.840	0.000
8.850	0.043
8.860	0.043
8.870	0.043
8.880	0.043
8.890	0.043
8.900	0.043
8.910	-0.430
8.920	0.473
8.930	-0.387
8.940	0.043
8.950	0.043
8.960	0.043
8.970	0.043
8.980	0.043
8.990	-1.290
9.000	0.043
9.010	0.043
9.020	0.043
9.030	0.043
9.040	0.473
9.050	0.043
9.060	0.000
9.070	0.043
9.080	0.043
9.090	0.043
9.100	0.043
9.110	0.043
9.120	0.043
9.130	0.000
9.140	0.043
9.150	0.043
9.160	0.043
9.170	0.043
9.180	-0.387
9.190	0.043
9.200	0.043
9.210	0.000
9.220	0.043
9.230	0.043
9.240	0.043
9.250	0.043
9.260	0.043
9.270	0.043
9.280	0.000
9.290	0.043
9.300	0.043
9.310	0.473
9.320	0.043
9.330	0.043
9.340	-1.247
9.350	0.000
9.360	0.043
9.370	0.043
9.380	0.043
9.390	0.043
9.400	0.043
9.410	0.043
9.420	0.043
9.430	0.000
9.440	-0.387
9.450	0.043
9.460	0.043
9.470	0.043
9.480	0.043
9.490	0.043
9.500	0.000
9.510	0.043
9.520	0.043
9.530	0.473
9.540	-0.387
9.550	0.473
9.560	0.043
9.570	0.043
9.580	0.000
9.590	0.043
9.600	0.043
9.610	0.043
9.620	0.043
9.630	0.043
9.640	0.043
9.650	-0.430
9.660	0.473
9.670	-0.387
9.680	-1.247
9.690	0.043
9.700	0.043
9.710	0.043
9.720	0.000
9.730	0.043
9.740	0.043
9.750	0.043
9.760	0.043
9.770	0.043
9.780	0.043
9.790	0.473
9.800	0.000
9.810	0.043
9.820	0.043
9.830	0.043
9.840	0.043
9.850	0.043
9.860	0.043
9.870	0.000
9.880	0.043
9.890	0.043
9.900	0.043
9.910	0.043
9.920	0.043
9.930	0.043
9.940	0.000
9.950	-0.387
9.960	0.043
9.970	0.043
9.980	0.043
9.990	0.043
10.000	0.043
10.010	0.043
10.020	0.000
10.030	-1.247
10.040	0.043
10.050	0.043
10.060	0.043
10.070	0.473
10.080	0.043
10.090	0.000
10.100	0.043
10.110	0.043
10.120	0.043
10.130	0.043
10.140	0.043
10.150	0.043
10.160	0.000
10.170	0.043
10.180	0.043
10.190	0.043
10.200	0.043
10.210	-0.387
10.220	0.043
10.230	0.043
10.240	0.000
10.250	0.043
10.260	0.043
10.270	0.043
10.280	0.043
10.290	0.043
10.300	0.473
10.310	0.000
10.320	0.043
10.330	0.043
10.340	0.473
10.350	0.043
10.360	0.043
10.370	0.043
10.380	-1.247
10.390	0.000
10.400	0.043
10.410	0.043
10.420	0.043
10.430	0.043
10.440	-0.387
10.450	0.043
10.460	0.000
10.470	0.043
10.480	0.043
10.490	0.043
10.500	0.043
10.510	-0.387
10.520	0.043
10.530	0.430
10.540	0.043
10.550	0.043
10.560	0.043
10.570	0.043
10.580	0.043
10.590	0.043
10.600	0.473
10.610	-0.430
10.620	0.473
10.630	0.043
10.640	0.043
10.650	0.043
10.660	0.043
10.670	0.043
10.680	0.000
10.690	0.043
10.700	-0.387
10.710	0.043
10.720	-1.247
10.730	0.043
10.740	-0.387
10.750	0.000
10.760	0.043
10.770	0.043
10.780	0.043
10.790	0.043
10.800	0.473
10.810	0.043
10.820	0.043
10.830	0.000
10.840	0.043
10.850	0.043
10.860	0.043
10.870	0.043
10.880	0.473
10.890	0.043
10.900	-0.430
10.910	0.473
10.920	0.043
10.930	-0.387
10.940	0.043
10.950	0.043
10.960	0.043
10.970	0.000
10.980	0.043
10.990	0.043
11.000	-0.387
11.010	0.043
11.020	0.043
11.030	0.473
11.040	0.043
11.050	0.000
11.060	0.043
11.070	-1.247
11.080	0.043
11.090	0.043
11.100	0.473
11.110	0.043
11.120	0.000
11.130	0.043
11.140	0.043
11.150	0.043
11.160	0.043
11.170	0.043
11.180	0.043
11.190	0.000
11.200	0.043
11.210	-0.387
11.220	0.043
11.230	0.043
11.240	0.043
11.250	-0.387
11.260	0.043
11.270	0.000
11.280	0.043
11.290	0.043
11.300	0.043
11.310	0.043
11.320	0.043
11.330	0.473
11.340	-0.430
11.350	0.473
11.360	0.043
11.370	0.043
11.380	0.043
11.390	0.473
11.400	0.043
11.410	-0.430
11.420	-1.247
11.430	0.473
11.440	-0.387
11.450	0.043
11.460	0.043
11.470	0.043
11.480	0.043
11.490	0.000
11.500	-0.387
11.510	0.043
11.520	0.043
11.530	0.043
11.540	0.043
11.550	0.043
11.560	0.000
11.570	0.043
11.580	0.043
11.590	0.043
11.600	0.473
11.610	-0.387
11.620	0.473
11.630	0.000
11.640	0.043
11.650	0.043
11.660	0.043
11.670	0.043
11.680	0.043
11.690	0.043
11.700	0.043
11.710	0.430
11.720	-0.387
11.730	0.043
11.740	0.043
11.750	0.043
11.760	0.043
11.770	-1.677
11.780	0.000
11.790	0.043
11.800	0.043
11.810	0.043
11.820	0.043
11.830	0.043
11.840	0.043
11.850	0.430
11.860	0.043
11.870	0.043
11.880	0.043
11.890	0.043
11.900	0.043
11.910	0.473
11.920	-0.387
11.930	0.430
11.940	0.043
11.950	0.043
11.960	0.043
11.970	0.043
11.980	0.043
11.990	0.043
12.000	-0.430
12.010	0.043
12.020	0.043
12.030	0.043
12.040	0.043
12.050	0.043
12.060	-0.387
12.070	0.000
12.080	0.473
12.090	0.043
12.100	0.043
12.110	-1.247
12.120	0.043
12.130	0.043
12.140	0.043
12.150	0.000
12.160	0.043
12.170	0.043
12.180	0.043
12.190	0.043
12.200	0.043
12.210	0.043
12.220	0.000
12.230	0.043
12.240	-0.387
12.250	0.473
12.260	-0.387
12.270	0.473
12.280	-0.387
12.290	0.000
12.300	0.043
12.310	0.043
12.320	0.043
12.330	0.043
12.340	0.043
12.350	0.043
12.360	0.043
12.370	0.000
12.380	0.043
12.390	0.473
12.400	0.043
12.410	0.043
12.420	0.043
12.430	0.043
12.440	0.000
12.450	0.043
12.460	-1.247
12.470	0.043
12.480	0.043
12.490	0.043
12.500	-0.387
12.510	0.430
12.520	-0.387
12.530	0.043
12.540	0.043
12.550	0.043
12.560	0.043
12.570	0.043
12.580	0.043
12.590	0.000
12.600	0.043
12.610	0.043
12.620	0.043
12.630	0.043
12.640	0.043
12.650	0.043
12.660	0.000
12.670	0.473
12.680	0.043
12.690	0.043
12.700	0.043
12.710	0.043
12.720	0.043
12.730	0.000
12.740	0.043
12.750	0.043
12.760	0.043
12.770	0.043
12.780	0.043
12.790	-0.387
12.800	0.043
12.810	-1.290
12.820	0.043
12.830	0.043
12.840	0.043
12.850	0.473
12.860	0.043
12.870	0.043
12.880	0.000
12.890	0.043
12.900	0.043
12.910	0.043
12.920	0.043
12.930	0.043
12.940	0.043
12.950	0.000
12.960	0.043
12.970	0.043
12.980	0.043
12.990	0.043
13.000	0.043
13.010	0.043
13.020	0.000
13.030	-0.387
13.040	0.043
13.050	0.043
13.060	0.043
13.070	0.043
13.080	0.043
13.090	0.043
13.100	0.000
13.110	0.043
13.120	0.473
13.130	0.043
13.140	0.043
13.150	0.043
13.160	-1.247
13.170	0.430
13.180	-0.387
13.190	0.043
13.200	0.473
13.210	0.043
13.220	0.043
13.230	0.043
13.240	-0.430
13.250	0.043
13.260	0.043
13.270	0.043
13.280	0.043
13.290	0.043
13.300	-0.387
13.310	0.473
13.320	-0.430
13.330	0.043
13.340	0.043
13.350	0.043
13.360	0.043
13.370	0.043
13.380	0.043
13.390	0.000
13.400	0.043
13.410	0.043
13.420	0.473
13.430	0.043
13.440	0.043
13.450	0.043
13.460	0.000
13.470	0.043
13.480	0.043
13.490	0.043
13.500	-1.247
13.510	0.043
13.520	0.043
13.530	0.043
13.540	0.000
13.550	-0.387
13.560	0.043
13.570	0.043
13.580	0.043
13.590	-0.387
13.600	0.043
13.610	0.430
13.620	-0.387
13.630	0.473
13.640	0.043
13.650	0.043
13.660	0.043
13.670	0.043
13.680	0.000
13.690	0.043
13.700	0.473
13.710	-0.387
13.720	0.473
13.730	0.043
13.740	0.043
13.750	0.000
13.760	0.043
13.770	-0.387
13.780	0.473
13.790	-0.387
13.800	0.043
13.810	0.043
13.820	0.043
13.830	0.000
13.840	0.043
13.850	-1.247
13.860	0.043
13.870	-0.387
13.880	0.473
13.890	0.043
13.900	0.000
13.910	0.043
13.920	0.043
13.930	0.043
13.940	0.043
13.950	0.043
13.960	0.043
13.970	0.430
13.980	0.043
13.990	0.043
14.000	0.043
14.010	0.043
14.020	0.043
14.030	-0.387
14.040	0.043
14.050	0.000
14.060	0.043
14.070	0.043
14.080	0.043
14.090	0.043
14.100	0.043
14.110	0.043
14.120	0.000
14.130	-0.387
14.140	0.473
14.150	0.043
14.160	0.043
14.170	0.043
14.180	0.043
14.190	0.000
14.200	-1.247
14.210	0.043
14.220	0.043
14.230	0.043
14.240	0.473
14.250	0.043
14.260	0.000
14.270	0.043
14.280	0.043
14.290	0.043
14.300	0.043
14.310	0.043
14.320	-0.387
14.330	0.043
14.340	0.000
14.350	0.043
14.360	0.043
14.370	0.043
14.380	-0.387
14.390	0.043
14.400	0.043
14.410	0.000
14.420	0.043
14.430	0.473
14.440	0.043
14.450	0.043
14.460	0.043
14.470	0.043
14.480	0.000
14.490	0.043
14.500	0.473
14.510	0.043
14.520	0.043
14.530	-0.387
14.540	0.043
14.550	-1.247
14.560	0.000
14.570	0.043
14.580	0.043
14.590	-0.387
14.600	0.043
14.610	0.043
14.620	0.043
14.630	0.000
14.640	0.043
14.650	0.043
14.660	0.043
14.670	0.043
14.680	0.043
14.690	0.043
14.700	0.000
14.710	0.043
14.720	0.043
14.730	0.473
14.740	0.043
14.750	0.043
14.760	0.043
14.770	0.000
14.780	0.043
14.790	0.043
14.800	0.043
14.810	0.043
14.820	0.043
14.830	0.043
14.840	0.043
14.850	-0.430
14.860	0.043
14.870	0.043
14.880	0.043
14.890	0.043
14.900	-1.247
14.910	0.043
14.920	0.000
14.930	-0.387
14.940	0.473
14.950	0.043
14.960	0.043
14.970	0.043
14.980	0.043
14.990	0.000
15.000	0.043
15.010	0.473
15.020	-0.387
15.030	0.473
15.040	0.043
15.050	0.043
15.060	0.000
15.070	-0.387
15.080	0.043
15.090	0.043
15.100	0.043
15.110	-0.387
15.120	0.043
15.130	0.043
15.140	0.000
15.150	0.043
15.160	0.043
15.170	0.043
15.180	0.043
15.190	0.043
15.200	0.473
15.210	0.000
15.220	0.043
15.230	0.043
15.240	-1.247
15.250	0.043
15.260	0.043
15.270	0.043
15.280	0.430
15.290	0.043
15.300	0.043
15.310	0.043
15.320	0.043
15.330	0.043
15.340	-0.387
15.350	0.000
15.360	0.043
15.370	0.043
15.380	0.043
15.390	-0.387
15.400	0.043
15.410	0.043
15.420	0.000
15.430	0.043
15.440	0.043
15.450	0.043
15.460	0.473
15.470	0.043
15.480	0.043
15.490	0.043
15.500	0.000
15.510	0.043
15.520	0.473
15.530	0.043
15.540	0.043
15.550	0.043
15.560	0.043
15.570	0.000
15.580	-0.387
15.590	-1.247
15.600	0.043
15.610	0.043
15.620	0.043
15.630	0.043
15.640	0.000
15.650	0.043
15.660	0.043
15.670	0.043
15.680	0.043
15.690	0.043
15.700	0.043
15.710	0.000
15.720	0.043
15.730	0.043
15.740	0.043
15.750	0.043
15.760	0.043
15.770	0.043
15.780	0.473
15.790	0.000
15.800	0.043
15.810	0.043
15.820	0.043
15.830	0.043
15.840	0.043
15.850	0.043
15.860	0.000
15.870	-0.387
15.880	0.043
15.890	0.043
15.900	0.043
15.910	0.043
15.920	0.043
15.930	0.000
15.940	-1.247
15.950	0.043
15.960	0.043
15.970	0.043
15.980	0.043
15.990	0.043
16.000	0.430
16.010	0.043
16.020	0.043
16.030	0.043
16.040	0.043
16.050	0.043
16.060	0.473
16.070	-0.430
16.080	0.043
16.090	0.043
16.100	0.043
16.110	0.043
16.120	-0.387
16.130	0.043
16.140	0.000
16.150	0.043
16.160	0.043
16.170	0.043
16.180	0.043
16.190	0.043
16.200	0.043
16.210	0.043
16.220	0.000
16.230	0.473
16.240	0.043
16.250	0.043
16.260	0.043
16.270	0.043
16.280	0.473
16.290	-1.290
16.300	0.043
16.310	0.043
16.320	0.043
16.330	0.043
16.340	0.473
16.350	0.043
16.360	-0.430
16.370	0.043
16.380	0.043
16.390	-0.387
16.400	0.043
16.410	0.043
16.420	0.043
16.430	0.000
16.440	0.043
16.450	0.043
16.460	0.043
16.470	0.043
16.480	0.043
16.490	0.043
16.500	0.000
16.510	0.043
16.520	0.043
16.530	0.043
16.540	0.473
16.550	0.043
16.560	0.043
16.570	0.043
16.580	0.000
16.590	0.043
16.600	0.043
16.610	0.043
16.620	0.043
16.630	0.043
16.640	-1.247
16.650	0.000
16.660	0.043
16.670	-0.387
16.680	0.043
16.690	0.043
16.700	0.043
16.710	0.043
16.720	0.000
16.730	0.043
16.740	0.043
16.750	0.043
16.760	0.473
16.770	0.043
16.780	0.043
16.790	0.000
16.800	0.473
16.810	0.043
16.820	0.043
16.830	0.043
16.840	0.043
16.850	0.043
16.860	0.000
16.870	-0.387
16.880	0.043
16.890	0.043
16.900	0.043
16.910	0.043
16.920	-0.387
16.930	0.000
16.940	0.043
16.950	0.043
16.960	0.043
16.970	0.043
16.980	0.043
16.990	-1.247
17.000	0.000
17.010	0.043
17.020	0.043
17.030	0.043
17.040	0.043
17.050	0.473
17.060	-0.387
17.070	0.473
17.080	0.000
17.090	0.043
17.100	0.043
17.110	0.043
17.120	0.043
17.130	0.043
17.140	0.043
17.150	-0.430
17.160	0.473
17.170	-0.387
17.180	0.043
17.190	0.043
17.200	0.043
17.210	0.043
17.220	0.000
17.230	0.043
17.240	0.043
17.250	0.043
17.260	0.043
17.270	0.043
17.280	0.043
17.290	0.430
17.300	0.043
17.310	0.043
17.320	0.043
17.330	-1.247
17.340	0.043
17.350	0.043
17.360	0.430
17.370	-0.387
17.380	0.473
17.390	0.043
17.400	-0.387
17.410	0.043
17.420	0.043
17.430	0.000
17.440	-0.387
17.450	0.043
17.460	0.043
17.470	0.043
17.480	0.043
17.490	0.043
17.500	0.000
17.510	0.043
17.520	0.473
17.530	0.043
17.540	0.043
17.550	0.043
17.560	0.043
17.570	0.430
17.580	0.043
17.590	-0.387
17.600	0.043
17.610	0.043
17.620	0.043
17.630	0.043
17.640	0.043
17.650	0.430
17.660	-0.387
17.670	0.043
17.680	-1.247
17.690	-0.387
17.700	0.043
17.710	0.043
17.720	0.000
17.730	0.043
17.740	0.043
17.750	0.043
17.760	0.043
17.770	0.043
17.780	0.043
17.790	0.000
17.800	0.473
17.810	0.043
17.820	0.043
17.830	0.043
17.840	0.043
17.850	0.043
17.860	0.000
17.870	0.043
17.880	0.043
17.890	0.043
17.900	0.043
17.910	0.043
17.920	0.043
17.930	0.000
17.940	-0.387
17.950	0.043
17.960	0.043
17.970	0.043
17.980	0.043
17.990	0.043
18.000	0.000
18.010	0.043
18.020	0.043
18.030	-1.247
18.040	0.043
18.050	0.043
18.060	0.043
18.070	0.430
18.080	0.043
18.090	0.043
18.100	0.043
18.110	0.043
18.120	0.473
18.130	0.043
18.140	-0.430
18.150	0.043
18.160	0.043
18.170	0.043
18.180	0.043
18.190	0.043
18.200	0.043
18.210	0.000
18.220	-0.387
18.230	0.043
18.240	0.043
18.250	0.043
18.260	0.043
18.270	0.043
18.280	0.043
18.290	0.000
18.300	0.043
18.310	0.043
18.320	0.043
18.330	0.473
18.340	-0.387
18.350	0.043
18.360	0.000
18.370	0.473
18.380	-1.247
18.390	0.043
18.400	-0.387
18.410	0.473
18.420	0.043
18.430	0.000
18.440	0.043
18.450	0.043
18.460	0.043
18.470	0.043
18.480	-0.387
18.490	0.043
18.500	0.000
18.510	0.043
18.520	0.043
18.530	0.043
18.540	0.043
18.550	0.043
18.560	0.043
18.570	0.000
18.580	0.473
18.590	0.043
18.600	0.043
18.610	0.043
18.620	0.043
18.630	0.473
18.640	0.000
18.650	0.043
18.660	0.043
18.670	-0.387
18.680	0.043
18.690	0.043
18.700	0.043
18.710	0.000
18.720	-0.387
18.730	-1.247
18.740	0.043
18.750	0.043
18.760	0.043
18.770	0.043
18.780	0.000
18.790	0.043
18.800	0.043
18.810	0.043
18.820	0.043
18.830	0.043
18.840	0.473
18.850	-0.430
18.860	0.473
18.870	0.043
18.880	0.043
18.890	0.043
18.900	0.043
18.910	0.043
18.920	0.000
18.930	0.043
18.940	0.043
18.950	0.043
18.960	0.043
18.970	0.043
18.980	0.043
18.990	0.000
19.000	-0.387
19.010	0.043
19.020	0.043
19.030	0.043
19.040	0.043
19.050	0.043
19.060	0.430
19.070	0.043
19.080	-1.247
19.090	0.043
19.100	0.043
19.110	0.043
19.120	0.473
19.130	0.000
19.140	0.043
19.150	0.043
19.160	0.043
19.170	-0.387
19.180	0.043
19.190	0.043
19.200	0.000
19.210	0.043
19.220	0.043
19.230	0.043
19.240	-0.387
19.250	0.043
19.260	0.043
19.270	0.043
19.280	0.000
19.290	0.043
19.300	0.043
19.310	0.043
19.320	0.043
19.330	0.043
19.340	0.473
19.350	0.000
19.360	0.043
19.370	0.043
19.380	0.043
19.390	0.043
19.400	0.043
19.410	0.473
19.420	0.000
19.430	-1.247
19.440	0.043
19.450	0.043
19.460	-0.387
19.470	0.043
19.480	0.043
19.490	0.000
19.500	0.043
19.510	-0.387
19.520	0.043
19.530	0.473
19.540	0.043
19.550	-0.387
19.560	0.000
19.570	0.043
19.580	0.043
19.590	0.043
19.600	0.043
19.610	0.473
19.620	0.043
19.630	0.000
19.640	0.043
19.650	0.043
19.660	0.043
19.670	0.043
19.680	0.473
19.690	-0.387
19.700	0.000
19.710	0.043
19.720	0.043
19.730	0.043
19.740	0.043
19.750	0.043
19.760	-0.387
19.770	0.000
19.780	-0.817
19.790	0.043
19.800	0.043
19.810	-0.387
19.820	0.043
19.830	0.043
19.840	0.000
19.850	0.473
19.860	0.043
19.870	0.043
19.880	0.043
19.890	0.043
19.900	0.043
19.910	0.000
19.920	0.043
19.930	0.043
19.940	0.043
19.950	0.043
19.960	0.043
19.970	0.043
19.980	0.000
19.990	0.043
20.000	0.043
20.010	0.043
20.020	0.043
20.030	0.043
20.040	0.043
20.050	0.000
20.060	0.043
20.070	0.043
20.080	0.043
20.090	0.043
20.100	0.043
20.110	0.043
20.120	0.000
20.130	-1.247
20.140	0.043
20.150	0.473
20.160	-0.387
20.170	0.473
20.180	-0.387
20.190	0.430
20.200	-0.387
20.210	0.043
20.220	0.043
20.230	0.043
20.240	0.043
20.250	0.043
20.260	0.000
20.270	0.043
20.280	-0.387
20.290	0.473
20.300	-0.387
20.310	0.473
20.320	-0.387
20.330	0.430
20.340	0.043
20.350	0.043
20.360	0.043
20.370	0.043
20.380	0.043
20.390	0.043
20.400	0.430
20.410	0.043
20.420	0.043
20.430	0.043
20.440	0.043
20.450	0.043
20.460	0.043
20.470	0.000
20.480	-1.247
20.490	0.043
20.500	-0.387
20.510	0.043
20.520	0.043
20.530	0.043
20.540	0.000
20.550	0.043
20.560	0.043
20.570	0.043
20.580	0.043
20.590	-0.387
20.600	0.043
20.610	0.430
20.620	-0.387
20.630	0.473
20.640	0.043
20.650	0.043
20.660	0.043
20.670	0.043
20.680	0.000
20.690	0.043
20.700	0.043
20.710	-0.387
20.720	0.043
20.730	0.043
20.740	0.043
20.750	0.000
20.760	0.043
20.770	-0.387
20.780	0.043
20.790	0.473
20.800	-0.387
20.810	0.043
20.820	0.430
20.830	-1.677
20.840	0.043
20.850	0.043
20.860	0.043
20.870	0.473
20.880	0.043
20.890	0.000
20.900	0.043
20.910	0.043
20.920	0.043
20.930	0.043
20.940	0.043
20.950	0.043
20.960	0.000
20.970	0.043
20.980	0.043
20.990	0.043
21.000	0.043
21.010	-0.387
21.020	0.043
21.030	0.000
21.040	0.043
21.050	0.043
21.060	0.043
21.070	0.043
21.080	0.043
21.090	0.043
21.100	0.430
21.110	0.043
21.120	0.043
21.130	0.043
21.140	0.043
21.150	0.043
21.160	0.043
21.170	0.430
21.180	-1.677
21.190	0.473
21.200	-0.387
21.210	0.473
21.220	-0.387
21.230	0.043
21.240	0.430
21.250	-0.387
21.260	0.043
21.270	0.043
21.280	0.043
21.290	-0.387
21.300	0.430
21.310	-0.387
21.320	0.043
21.330	0.043
21.340	0.473
21.350	-0.387
21.360	0.473
21.370	0.000
21.380	0.043
21.390	0.473
21.400	0.043
21.410	0.043
21.420	0.043
21.430	0.043
21.440	0.000
21.450	0.043
21.460	0.043
21.470	0.043
21.480	0.043
21.490	0.043
21.500	-0.387
21.510	0.430
21.520	-0.387
21.530	-1.247
21.540	0.043
21.550	0.043
21.560	0.043
21.570	0.043
21.580	0.000
21.590	0.043
21.600	0.043
21.610	0.043
21.620	0.473
21.630	0.043
21.640	0.043
21.650	-0.430
21.660	0.473
21.670	0.043
21.680	0.043
21.690	0.043
21.700	0.473
21.710	0.043
21.720	-0.430
21.730	0.473
21.740	-0.387
21.750	0.043
21.760	0.043
21.770	0.043
21.780	0.043
21.790	0.000
21.800	-0.387
21.810	0.473
21.820	-0.387
21.830	0.473
21.840	-0.387
21.850	0.473
21.860	-0.430
21.870	0.473
21.880	-1.247
21.890	0.043
21.900	0.043
21.910	0.043
21.920	0.043
21.930	0.000
21.940	0.043
21.950	0.473
21.960	0.043
21.970	0.043
21.980	0.043
21.990	0.043
22.000	0.000
22.010	0.043
22.020	-0.387
22.030	0.043
22.040	0.043
22.050	0.043
22.060	0.043
22.070	0.000
22.080	0.043
22.090	-0.387
22.100	0.473
22.110	0.043
22.120	0.043
22.130	0.000
22.140	0.043
22.150	0.043
22.160	0.043
22.170	0.043
22.180	0.043
22.190	0.043
22.200	0.000
22.210	0.043
22.220	0.043
22.230	-1.247
22.240	0.043
22.250	0.043
22.260	0.043
22.270	0.000
22.280	0.043
22.290	0.043
22.300	0.043
22.310	-0.387
22.320	0.043
22.330	0.043
22.340	0.000
22.350	0.043
22.360	0.043
22.370	0.043
22.380	0.043
22.390	0.043
22.400	0.043
22.410	0.430
22.420	0.043
22.430	0.043
22.440	0.043
22.450	0.043
22.460	0.043
22.470	0.043
22.480	0.000
22.490	0.043
22.500	0.043
22.510	0.043
22.520	0.043
22.530	0.043
22.540	0.043
22.550	0.000
22.560	0.043
22.570	0.043
22.580	-1.677
22.590	0.473
22.600	0.043
22.610	-0.387
22.620	0.430
22.630	0.043
22.640	0.043
22.650	0.043
22.660	0.043
22.670	0.043
22.680	0.043
22.690	0.000
22.700	0.043
22.710	0.473
22.720	0.043
22.730	-0.387
22.740	0.473
22.750	-0.430
22.760	0.043
22.770	0.473
22.780	0.043
22.790	0.043
22.800	-0.387
22.810	0.043
22.820	0.000
22.830	0.043
22.840	0.043
22.850	0.043
22.860	-0.387
22.870	0.043
22.880	0.043
22.890	0.000
22.900	-0.387
22.910	0.473
22.920	-0.387
22.930	-1.247
22.940	0.043
22.950	0.043
22.960	0.430
22.970	0.043
22.980	0.043
22.990	0.043
23.000	0.043
23.010	0.043
23.020	0.043
23.030	0.000
23.040	0.043
23.050	0.043
23.060	0.043
23.070	-0.387
23.080	0.043
23.090	0.043
23.100	0.000
23.110	0.043
23.120	0.043
23.130	0.043
23.140	0.043
23.150	0.043
23.160	0.043
23.170	-0.430
23.180	0.473
23.190	-0.387
23.200	0.473
23.210	0.043
23.220	0.043
23.230	0.043
23.240	0.430
23.250	0.043
23.260	0.043
23.270	0.043
23.280	0.473
23.290	-1.677
23.300	0.000
23.310	0.043
23.320	0.473
23.330	0.043
23.340	0.043
23.350	-0.387
23.360	0.043
23.370	0.000
23.380	0.043
23.390	-0.387
23.400	0.043
23.410	0.043
23.420	0.043
23.430	0.043
23.440	0.430
23.450	-0.387
23.460	0.043
23.470	0.473
23.480	0.043
23.490	0.043
23.500	0.043
23.510	0.000
23.520	0.043
23.530	0.043
23.540	0.043
23.550	0.043
23.560	0.043
23.570	0.043
23.580	0.000
23.590	0.043
23.600	0.043
23.610	0.043
23.620	0.043
23.630	0.043
23.640	-1.247
23.650	0.000
23.660	0.043
23.670	-0.387
23.680	0.043
23.690	0.043
23.700	0.043
23.710	0.000
23.720	0.043
23.730	0.043
23.740	0.043
23.750	0.043
23.760	0.473
23.770	0.043
23.780	0.000
23.790	0.043
23.800	0.043
23.810	0.043
23.820	0.043
23.830	-0.387
23.840	0.043
23.850	0.000
23.860	0.043
23.870	0.043
23.880	0.043
23.890	0.043
23.900	0.043
23.910	0.043
23.920	0.000
23.930	0.043
23.940	0.043
23.950	0.043
23.960	0.043
23.970	0.043
23.980	0.043
23.990	-1.290
24.000	0.043
24.010	0.043
24.020	0.473
24.030	0.043
24.040	0.043
24.050	0.043
24.060	0.000
24.070	0.043
24.080	0.043
24.090	0.043
24.100	0.043
24.110	0.043
24.120	0.000
24.130	0.043
24.140	0.043
24.150	0.043
24.160	0.043
24.170	0.043
24.180	-0.387
24.190	0.000
24.200	0.043
24.210	0.043
24.220	0.043
24.230	0.473
24.240	0.043
24.250	0.043
24.260	0.000
24.270	0.043
24.280	0.043
24.290	0.043
24.300	0.043
24.310	0.043
24.320	0.043
24.330	0.000
24.340	-0.817
24.350	0.043
24.360	0.043
24.370	0.043
24.380	0.043
24.390	0.043
24.400	-0.430
24.410	0.043
24.420	0.043
24.430	0.043
24.440	0.043
24.450	0.043
24.460	0.000
24.470	0.473
24.480	-0.387
24.490	0.043
24.500	0.043
24.510	0.043
24.520	0.043
24.530	0.430
24.540	0.043
24.550	0.043
24.560	0.043
24.570	0.043
24.580	0.043
24.590	0.043
24.600	0.000
24.610	0.043
24.620	0.043
24.630	0.043
24.640	0.043
24.650	0.043
24.660	-0.387
24.670	0.000
24.680	0.473
24.690	-1.247
24.700	0.043
24.710	0.043
24.720	0.043
24.730	0.430
24.740	0.043
24.750	0.043
24.760	0.043
24.770	0.043
24.780	0.043
24.790	0.043
24.800	0.000
24.810	0.043
24.820	0.043
24.830	0.043
24.840	0.043
24.850	0.043
24.860	0.043
24.870	0.000
24.880	0.043
24.890	-0.387
24.900	0.043
24.910	0.043
24.920	0.043
24.930	0.043
24.940	0.000
24.950	0.043
24.960	0.043
24.970	0.043
24.980	0.043
24.990	0.043
25.000	0.473
25.010	0.000
25.020	0.043
25.030	0.043
25.040	-1.247
25.050	0.043
25.060	0.043
25.070	0.000
25.080	0.043
25.090	0.043
25.100	0.043
25.110	0.043
25.120	0.043
25.130	0.043
25.140	0.000
25.150	0.043
25.160	-0.387
25.170	0.043
25.180	0.043
25.190	0.043
25.200	0.043
25.210	0.000
25.220	0.043
25.230	0.043
25.240	0.043
25.250	0.043
25.260	0.043
25.270	0.043
25.280	0.000
25.290	0.043
25.300	0.473
25.310	0.043
25.320	-0.387
25.330	0.043
25.340	0.000
25.350	0.043
25.360	0.043
25.370	0.043
25.380	0.043
25.390	0.043
25.400	-1.677
25.410	0.000
25.420	0.043
25.430	0.043
25.440	0.043
25.450	0.043
25.460	0.043
25.470	0.473
25.480	0.000
25.490	0.043
25.500	0.043
25.510	0.043
25.520	0.043
25.530	0.473
25.540	-0.430
25.550	0.473
25.560	0.043
25.570	0.043
25.580	0.043
25.590	0.043
25.600	0.043
25.610	0.000
25.620	0.043
25.630	0.043
25.640	-0.387
25.650	0.043
25.660	0.473
25.670	-0.387
25.680	0.000
25.690	0.043
25.700	0.043
25.710	0.043
25.720	0.043
25.730	0.043
25.740	-0.387
25.750	-0.860
25.760	0.043
25.770	0.043
25.780	0.043
25.790	0.043
25.800	0.043
25.810	0.000
25.820	0.043
25.830	0.473
25.840	-0.387
25.850	0.473
25.860	0.043
25.870	0.043
25.880	0.000
25.890	0.043
25.900	0.043
25.910	0.043
25.920	0.043
25.930	0.043
25.940	0.043
25.950	-0.430
25.960	0.473
25.970	-0.387
25.980	0.473
25.990	0.043
26.000	0.043
26.010	0.043
26.020	0.000
26.030	0.043
26.040	0.043
26.050	0.043
26.060	0.043
26.070	0.043
26.080	0.000
26.090	0.043
26.100	-1.247
26.110	0.043
26.120	0.043
26.130	0.043
26.140	0.043
26.150	0.000
26.160	0.043
26.170	0.043
26.180	0.043
26.190	0.043
26.200	0.043
26.210	0.043
26.220	0.000
26.230	0.043
26.240	0.043
26.250	0.043
26.260	0.043
26.270	0.043
26.280	0.000
26.290	0.043
26.300	0.043
26.310	0.043
26.320	0.043
26.330	0.473
26.340	0.043
26.350	0.000
26.360	0.043
26.370	0.043
26.380	0.043
26.390	0.043
26.400	0.043
26.410	0.043
26.420	0.000
26.430	0.043
26.440	0.043
26.450	-1.677
26.460	0.043
26.470	0.043
26.480	0.000
26.490	0.043
26.500	0.043
26.510	0.043
26.520	0.043
26.530	0.043
26.540	0.043
26.550	0.000
26.560	0.043
26.570	0.043
26.580	0.043
26.590	0.043
26.600	0.043
26.610	0.043
26.620	0.430
26.630	0.043
26.640	-0.387
26.650	0.473
26.660	-0.387
26.670	0.043
26.680	0.000
26.690	0.043
26.700	0.043
26.710	0.043
26.720	0.043
26.730	0.043
26.740	-0.387
26.750	0.430
26.760	-0.387
26.770	0.043
26.780	0.473
26.790	0.043
26.800	0.043
26.810	-1.677
26.820	0.000
26.830	0.043
26.840	0.473
26.850	0.043
26.860	0.043
26.870	0.043
26.880	0.000
26.890	0.043
26.900	0.043
26.910	0.043
26.920	0.043
26.930	0.043
26.940	0.043
26.950	0.000
26.960	0.043
26.970	0.043
26.980	0.043
26.990	0.043
27.000	-0.387
27.010	0.043
27.020	0.430
27.030	0.043
27.040	0.043
27.050	0.043
27.060	0.043
27.070	0.043
27.080	0.000
27.090	0.043
27.100	0.043
27.110	0.043
27.120	0.043
27.130	0.043
27.140	0.043
27.150	0.000
27.160	-1.677
27.170	0.473
27.180	-0.387
27.190	0.043
27.200	0.043
27.210	0.043
27.220	0.000
27.230	0.043
27.240	0.043
27.250	0.043
27.260	0.043
27.270	0.043
27.280	0.000
27.290	0.043
27.300	0.043
27.310	0.043
27.320	0.043
27.330	0.043
27.340	0.043
27.350	0.000
27.360	0.473
27.370	0.043
27.380	0.043
27.390	0.043
27.400	0.043
27.410	0.043
27.420	0.000
27.430	-0.387
27.440	0.473
27.450	-0.387
27.460	0.473
27.470	-0.387
27.480	0.000
27.490	0.043
27.500	0.043
27.510	-1.677
27.520	0.043
27.530	0.043
27.540	0.473
27.550	0.000
27.560	0.043
27.570	0.043
27.580	0.043
27.590	0.043
27.600	0.043
27.610	0.000
27.620	0.043
27.630	0.043
27.640	0.043
27.650	0.043
27.660	0.043
27.670	0.043
27.680	0.000
27.690	0.043
27.700	0.043
27.710	0.043
27.720	-0.387
27.730	0.043
27.740	0.473
27.750	0.000
27.760	-0.387
27.770	0.043
27.780	0.473
27.790	0.043
27.800	0.043
27.810	0.000
27.820	0.043
27.830	0.043
27.840	0.043
27.850	0.043
27.860	0.043
27.870	-1.247
27.880	0.000
27.890	0.043
27.900	0.043
27.910	0.043
27.920	0.043
27.930	0.043
27.940	0.000
27.950	0.043
27.960	0.043
27.970	0.043
27.980	0.043
27.990	0.043
28.000	0.043
28.010	0.000
28.020	0.043
28.030	0.043
28.040	0.043
28.050	-0.387
28.060	0.043
28.070	0.473
28.080	-0.430
28.090	0.473
28.100	-0.387
28.110	0.043
28.120	0.043
28.130	0.043
28.140	0.000
28.150	0.043
28.160	0.043
28.170	0.043
28.180	0.043
28.190	0.043
28.200	0.043
28.210	0.000
28.220	-1.677
28.230	0.043
28.240	0.043
28.250	0.043
28.260	0.043
28.270	0.430
28.280	-0.387
28.290	0.043
28.300	0.473
28.310	0.043
28.320	0.043
28.330	0.043
28.340	0.000
28.350	0.043
28.360	0.043
28.370	0.043
28.380	0.043
28.390	0.043
28.400	0.000
28.410	0.043
28.420	0.043
28.430	0.043
28.440	0.043
28.450	0.043
28.460	0.043
28.470	0.000
28.480	0.473
28.490	-0.387
28.500	0.473
28.510	0.043
28.520	0.043
28.530	-0.387
28.540	0.000
28.550	0.043
28.560	0.043
28.570	-1.247
28.580	0.043
28.590	0.043
28.600	0.000
28.610	0.043
28.620	0.043
28.630	0.043
28.640	0.043
28.650	0.043
28.660	0.473
28.670	0.000
28.680	0.043
28.690	-0.387
28.700	0.043
28.710	0.043
28.720	0.043
28.730	0.000
28.740	0.043
28.750	0.043
28.760	0.043
28.770	0.043
28.780	0.043
28.790	-0.387
28.800	0.000
28.810	0.043
28.820	0.473
28.830	0.043
28.840	0.043
28.850	0.043
28.860	0.000
28.870	0.043
28.880	0.043
28.890	0.043
28.900	0.043
28.910	0.473
28.920	0.043
28.930	-1.720
28.940	0.043
28.950	0.473
28.960	0.043
28.970	0.043
28.980	0.043
28.990	0.000
29.000	0.043
29.010	0.043
29.020	-0.387
29.030	0.043
29.040	0.043
29.050	0.043
29.060	0.000
29.070	0.043
29.080	0.043
29.090	0.043
29.100	0.043
29.110	0.473
29.120	0.000
29.130	0.043
29.140	0.043
29.150	0.043
29.160	0.043
29.170	0.043
29.180	0.473
29.190	0.000
29.200	0.043
29.210	0.043
29.220	0.043
29.230	0.043
29.240	0.043
29.250	0.000
29.260	0.043
29.270	-0.387
29.280	-1.247
29.290	0.043
29.300	0.043
29.310	0.043
29.320	0.000
29.330	0.043
29.340	0.043
29.350	0.043
29.360	0.043
29.370	0.473
29.380	0.043
29.390	0.000
29.400	0.043
29.410	0.043
29.420	0.043
29.430	0.043
29.440	0.043
29.450	0.000
29.460	0.043
29.470	0.043
29.480	0.043
29.490	0.043
29.500	0.043
29.510	-0.387
29.520	0.000
29.530	0.473
29.540	0.043
29.550	0.043
29.560	-0.387
29.570	0.043
29.580	0.000
29.590	0.043
29.600	0.043
29.610	0.043
29.620	0.043
29.630	0.043
29.640	-1.247
29.650	0.000
29.660	0.043
29.670	0.043
29.680	0.473
29.690	-0.387
29.700	0.473
29.710	-0.430
29.720	0.473
29.730	0.043
29.740	0.043
29.750	0.043
29.760	0.043
29.770	-0.387
29.780	0.000
29.790	0.043
29.800	0.043
29.810	0.043
29.820	0.043
29.830	0.043
29.840	0.000
29.850	0.043
29.860	0.043
29.870	0.043
29.880	0.043
29.890	0.043
29.900	0.000
29.910	0.043
29.920	0.043
29.930	0.043
29.940	0.043
29.950	0.473
29.960	-0.387
29.970	0.430
29.980	0.043
29.990	-1.677
30.000	0.043
30.010	0.043
30.020	0.043
30.030	0.000
30.040	0.043
30.050	0.043
30.060	0.043
30.070	0.043
30.080	0.043
30.090	0.043
30.100	0.000
30.110	0.043
30.120	0.043
30.130	0.043
30.140	0.043
30.150	0.473
30.160	0.000
30.170	0.043
30.180	0.043
30.190	0.043
30.200	0.043
30.210	0.043
30.220	0.043
30.230	0.000
30.240	0.043
30.250	0.043
30.260	0.043
30.270	-0.387
30.280	0.043
30.290	0.000
30.300	0.043
30.310	0.043
30.320	0.043
30.330	0.043
30.340	0.043
30.350	-1.677
30.360	0.000
30.370	0.043
30.380	0.043
30.390	0.043
30.400	0.473
30.410	0.043
30.420	0.000
30.430	0.043
30.440	0.043
30.450	0.473
30.460	0.043
30.470	0.043
30.480	0.043
30.490	-0.430
30.500	0.473
30.510	-0.387
30.520	0.043
30.530	0.043
30.540	0.043
30.550	-0.430
30.560	0.043
30.570	0.473
30.580	-0.387
30.590	0.473
30.600	0.043
30.610	0.043
30.620	0.000
30.630	0.043
30.640	0.043
30.650	0.043
30.660	0.043
30.670	0.043
30.680	0.000
30.690	0.043
30.700	-1.247
30.710	0.043
30.720	0.043
30.730	0.043
30.740	0.000
30.750	0.043
30.760	0.043
30.770	0.043
30.780	-0.387
30.790	0.043
30.800	0.473
30.810	-0.430
30.820	0.043
30.830	0.043
30.840	0.043
30.850	0.043
30.860	0.043
30.870	0.000
30.880	0.473
30.890	-0.387
30.900	0.473
30.910	0.043
30.920	0.043
30.930	0.043
30.940	0.000
30.950	0.473
30.960	0.043
30.970	0.043
30.980	0.043
30.990	0.043
31.000	0.000
31.010	0.043
31.020	0.043
31.030	0.043
31.040	-0.387
31.050	0.043
31.060	-1.247
31.070	0.000
31.080	0.043
31.090	0.043
31.100	-0.387
31.110	0.043
31.120	0.043
31.130	0.000
31.140	0.043
31.150	0.043
31.160	0.473
31.170	0.043
31.180	0.043
31.190	0.000
31.200	0.043
31.210	0.043
31.220	0.043
31.230	0.043
31.240	0.043
31.250	-0.387
31.260	0.430
31.270	-0.387
31.280	0.043
31.290	0.043
31.300	0.043
31.310	0.043
31.320	0.000
31.330	0.043
31.340	0.043
31.350	0.043
31.360	0.043
31.370	0.043
31.380	0.043
31.390	0.000
31.400	0.043