Mass Spring Dampener Velocity Data Oct 31, 2023 1:42 PM
Time (s)	Velocity (cm/s)
0.530	NaN
0.540	3.870
0.550	-0.387
0.560	-3.827
0.570	-8.127
0.580	-11.567
0.590	-15.480
0.600	-18.877
0.610	-22.747
0.620	-25.757
0.630	-27.047
0.640	-33.110
0.650	-35.647
0.660	-35.647
0.670	-35.647
0.680	-39.947
0.690	-45.107
0.700	-42.570
0.710	-44.247
0.720	-44.677
0.730	-48.547
0.740	-41.237
0.750	-43.817
0.760	-46.397
0.770	-38.270
0.780	-40.807
0.790	-41.667
0.800	-38.227
0.810	-33.927
0.820	-30.487
0.830	-27.520
0.840	-27.047
0.850	-25.757
0.860	-15.437
0.870	-19.737
0.880	-7.267
0.890	-8.600
0.900	-3.827
0.910	0.903
0.920	3.913
0.930	7.740
0.940	8.643
0.950	18.103
0.960	15.523
0.970	25.800
0.980	25.413
0.990	26.703
1.000	32.723
1.010	33.110
1.020	33.583
1.030	41.753
1.040	40.850
1.050	42.183
1.060	40.463
1.070	46.483
1.080	44.720
1.090	41.753
1.100	44.333
1.110	43.430
1.120	42.183
1.130	39.603
1.140	39.560
1.150	38.313
1.160	36.163
1.170	33.153
1.180	31.390
1.190	28.853
1.200	25.413
1.210	22.833
1.220	18.920
1.230	15.523
1.240	11.653
1.250	7.783
1.260	3.870
1.270	0.043
1.280	-3.827
1.290	-7.697
1.300	-11.610
1.310	-15.437
1.320	-18.447
1.330	-21.887
1.340	-25.327
1.350	-28.337
1.360	-30.960
1.370	-33.497
1.380	-33.497
1.390	-37.797
1.400	-39.517
1.410	-41.237
1.420	-39.560
1.430	-43.387
1.440	-43.817
1.450	-45.537
1.460	-42.527
1.470	-44.247
1.480	-46.827
1.490	-37.410
1.500	-37.367
1.510	-38.227
1.520	-36.507
1.530	-33.927
1.540	-31.347
1.550	-28.380
1.560	-29.197
1.570	-19.737
1.580	-18.447
1.590	-16.727
1.600	-13.330
1.610	-4.687
1.620	-4.257
1.630	0.043
1.640	3.483
1.650	3.870
1.660	12.943
1.670	17.673
1.680	15.953
1.690	21.930
1.700	28.423
1.710	27.133
1.720	30.530
1.730	33.583
1.740	37.883
1.750	40.033
1.760	38.700
1.770	37.023
1.780	43.043
1.790	46.010
1.800	40.893
1.810	45.193
1.820	46.483
1.830	43.860
1.840	39.603
1.850	43.043
1.860	41.280
1.870	36.163
1.880	36.163
1.890	33.540
1.900	29.713
1.910	27.993
1.920	25.413
1.930	21.930
1.940	17.673
1.950	15.093
1.960	11.223
1.970	7.740
1.980	3.913
1.990	0.473
2.000	-3.397
2.010	-7.697
2.020	-10.750
2.030	-15.007
2.040	-18.447
2.050	-21.457
2.060	-25.327
2.070	-27.950
2.080	-31.347
2.090	-33.497
2.100	-33.927
2.110	-37.797
2.120	-39.947
2.130	-38.700
2.140	-42.527
2.150	-42.957
2.160	-43.387
2.170	-43.817
2.180	-43.817
2.190	-43.387
2.200	-45.580
2.210	-39.517
2.220	-38.227
2.230	-38.227
2.240	-33.067
2.250	-34.357
2.260	-31.390
2.270	-28.767
2.280	-26.187
2.290	-21.887
2.300	-18.877
2.310	-15.480
2.320	-12.857
2.330	-7.267
2.340	-4.257
2.350	0.043
2.360	3.870
2.370	4.343
2.380	12.943
2.390	15.523
2.400	17.630
2.410	19.393
2.420	24.553
2.430	27.993
2.440	30.530
2.450	33.583
2.460	35.733
2.470	37.410
2.480	40.033
2.490	40.893
2.500	40.463
2.510	44.720
2.520	43.473
2.530	40.893
2.540	43.430
2.550	42.613
2.560	41.753
2.570	38.700
2.580	39.173
2.590	37.883
2.600	36.163
2.610	33.970
2.620	31.003
2.630	28.423
2.640	25.843
2.650	21.930
2.660	18.963
2.670	15.523
2.680	11.610
2.690	7.783
2.700	4.343
2.710	0.043
2.720	-4.687
2.730	-7.310
2.740	-10.707
2.750	-14.147
2.760	-18.017
2.770	-21.027
2.780	-24.510
2.790	-27.477
2.800	-30.057
2.810	-30.487
2.820	-34.787
2.830	-36.937
2.840	-36.550
2.850	-42.957
2.860	-38.227
2.870	-42.527
2.880	-43.387
2.890	-45.107
2.900	-43.430
2.910	-40.807
2.920	-42.957
2.930	-44.677
2.940	-33.497
2.950	-35.217
2.960	-36.120
2.970	-33.927
2.980	-33.067
2.990	-28.767
3.000	-22.317
3.010	-21.887
3.020	-22.360
3.030	-11.997
3.040	-11.137
3.050	-11.997
3.060	-3.397
3.070	-0.430
3.080	3.483
3.090	9.073
3.100	11.223
3.110	10.750
3.120	21.543
3.130	18.533
3.140	25.413
3.150	29.240
3.160	30.573
3.170	33.153
3.180	35.690
3.190	37.883
3.200	34.873
3.210	37.023
3.220	45.580
3.230	42.183
3.240	42.183
3.250	43.430
3.260	43.473
3.270	42.613
3.280	41.323
3.290	37.410
3.300	39.603
3.310	37.453
3.320	33.110
3.330	33.153
3.340	30.143
3.350	27.563
3.360	24.510
3.370	21.543
3.380	18.103
3.390	14.620
3.400	11.223
3.410	7.783
3.420	4.343
3.430	0.473
3.440	-3.440
3.450	-7.267
3.460	-10.707
3.470	-14.147
3.480	-17.630
3.490	-22.747
3.500	-24.467
3.510	-27.047
3.520	-30.057
3.530	-32.637
3.540	-34.830
3.550	-34.787
3.560	-38.657
3.570	-39.947
3.580	-40.807
3.590	-39.517
3.600	-42.140
3.610	-42.527
3.620	-42.097
3.630	-42.097
3.640	-41.237
3.650	-43.387
3.660	-35.647
3.670	-36.980
3.680	-35.647
3.690	-33.067
3.700	-27.907
3.710	-27.907
3.720	-25.370
3.730	-21.457
3.740	-20.167
3.750	-13.287
3.760	-11.567
3.770	-9.460
3.780	-5.117
3.790	0.473
3.800	3.913
3.810	8.643
3.820	10.750
3.830	12.083
3.840	19.823
3.850	21.113
3.860	23.220
3.870	28.423
3.880	28.853
3.890	32.680
3.900	35.303
3.910	37.023
3.920	35.303
3.930	36.550
3.940	45.193
3.950	41.753
3.960	42.140
3.970	43.043
3.980	42.613
3.990	41.710
4.000	41.323
4.010	40.033
4.020	34.013
4.030	39.990
4.040	34.873
4.050	33.153
4.060	28.380
4.070	27.563
4.080	24.123
4.090	22.833
4.100	18.060
4.110	15.093
4.120	11.653
4.130	7.783
4.140	4.300
4.150	0.473
4.160	-3.397
4.170	-6.837
4.180	-10.707
4.190	-13.760
4.200	-17.157
4.210	-21.027
4.220	-23.607
4.230	-26.617
4.240	-27.090
4.250	-32.207
4.260	-33.927
4.270	-34.787
4.280	-39.947
4.290	-41.667
4.300	-38.700
4.310	-40.377
4.320	-42.957
4.330	-41.667
4.340	-45.537
4.350	-38.227
4.360	-35.260
4.370	-45.107
4.380	-41.237
4.390	-36.077
4.400	-34.357
4.410	-33.067
4.420	-30.100
4.430	-24.897
4.440	-24.037
4.450	-24.897
4.460	-15.867
4.470	-18.877
4.480	-7.310
4.490	-8.557
4.500	-5.547
4.510	0.473
4.520	3.010
4.530	6.923
4.540	7.783
4.550	16.383
4.560	15.910
4.570	21.973
4.580	20.683
4.590	29.713
4.600	29.240
4.610	31.863
4.620	34.013
4.630	33.110
4.640	37.883
4.650	37.023
4.660	39.173
4.670	43.000
4.680	42.183
4.690	41.753
4.700	41.710
4.710	41.323
4.720	37.883
4.730	39.603
4.740	37.840
4.750	36.163
4.760	34.443
4.770	31.820
4.780	29.713
4.790	24.983
4.800	24.553
4.810	21.070
4.820	18.533
4.830	14.663
4.840	11.653
4.850	7.740
4.860	4.773
4.870	0.473
4.880	-2.537
4.890	-6.880
4.900	-9.847
4.910	-13.717
4.920	-16.727
4.930	-20.167
4.940	-23.220
4.950	-24.467
4.960	-28.767
4.970	-31.347
4.980	-33.497
4.990	-35.647
5.000	-36.980
5.010	-36.077
5.020	-39.517
5.030	-40.377
5.040	-40.807
5.050	-42.527
5.060	-43.430
5.070	-39.087
5.080	-40.377
5.090	-39.087
5.100	-42.527
5.110	-33.927
5.120	-33.540
5.130	-32.637
5.140	-29.197
5.150	-24.897
5.160	-24.897
5.170	-23.220
5.180	-15.437
5.190	-17.587
5.200	-11.567
5.210	-5.117
5.220	-4.300
5.230	-0.817
5.240	2.623
5.250	4.773
5.260	8.170
5.270	17.243
5.280	13.803
5.290	23.693
5.300	21.070
5.310	25.843
5.320	30.573
5.330	32.723
5.340	34.400
5.350	33.583
5.360	35.733
5.370	37.840
5.380	43.043
5.390	40.893
5.400	40.033
5.410	40.420
5.420	41.323
5.430	40.463
5.440	43.000
5.450	39.173
5.460	36.163
5.470	33.970
5.480	34.443
5.490	31.003
5.500	30.573
5.510	27.090
5.520	24.553
5.530	21.543
5.540	18.103
5.550	15.050
5.560	11.223
5.570	7.783
5.580	4.343
5.590	0.860
5.600	-2.967
5.610	-6.407
5.620	-9.847
5.630	-13.287
5.640	-17.200
5.650	-19.737
5.660	-22.747
5.670	-24.037
5.680	-28.767
5.690	-30.960
5.700	-30.917
5.710	-35.217
5.720	-37.797
5.730	-40.377
5.740	-36.937
5.750	-40.420
5.760	-41.237
5.770	-41.667
5.780	-43.817
5.790	-40.377
5.800	-38.227
5.810	-38.700
5.820	-35.647
5.830	-41.237
5.840	-33.927
5.850	-31.777
5.860	-27.907
5.870	-26.660
5.880	-27.047
5.890	-18.877
5.900	-18.877
5.910	-15.007
5.920	-14.190
5.930	-5.547
5.940	-4.687
5.950	-0.817
5.960	2.580
5.970	5.633
5.980	7.783
5.990	15.953
6.000	14.620
6.010	21.973
6.020	22.833
6.030	24.983
6.040	29.670
6.050	30.573
6.060	30.573
6.070	35.303
6.080	36.980
6.090	36.593
6.100	38.313
6.110	43.000
6.120	40.893
6.130	40.893
6.140	40.850
6.150	40.463
6.160	39.603
6.170	36.593
6.180	37.410
6.190	35.733
6.200	34.013
6.210	30.530
6.220	29.713
6.230	27.133
6.240	24.123
6.250	21.500
6.260	18.103
6.270	15.093
6.280	11.653
6.290	8.170
6.300	4.773
6.310	-0.817
6.320	-2.537
6.330	-6.020
6.340	-9.417
6.350	-12.857
6.360	-16.297
6.370	-17.587
6.380	-22.360
6.390	-25.757
6.400	-27.907
6.410	-30.057
6.420	-32.637
6.430	-32.250
6.440	-36.077
6.450	-37.367
6.460	-38.657
6.470	-39.947
6.480	-40.377
6.490	-40.807
6.500	-43.000
6.510	-42.097
6.520	-32.207
6.530	-37.797
6.540	-38.227
6.550	-36.077
6.560	-35.260
6.570	-31.347
6.580	-29.627
6.590	-29.197
6.600	-25.757
6.610	-18.490
6.620	-22.317
6.630	-10.707
6.640	-14.577
6.650	-9.417
6.660	-3.010
6.670	-0.817
6.680	1.333
6.690	6.063
6.700	13.760
6.710	10.793
6.720	15.523
6.730	21.113
6.740	24.510
6.750	21.543
6.760	28.853
6.770	31.863
6.780	32.250
6.790	33.583
6.800	35.733
6.810	36.980
6.820	40.033
6.830	42.183
6.840	40.420
6.850	38.743
6.860	40.893
6.870	39.603
6.880	41.280
6.890	38.313
6.900	37.023
6.910	33.110
6.920	33.583
6.930	29.713
6.940	29.283
6.950	26.230
6.960	23.693
6.970	21.113
6.980	17.630
6.990	13.373
7.000	11.223
7.010	7.783
7.020	4.300
7.030	0.903
7.040	-2.537
7.050	-5.977
7.060	-9.847
7.070	-12.900
7.080	-15.867
7.090	-19.307
7.100	-22.317
7.110	-24.897
7.120	-27.950
7.130	-28.337
7.140	-32.207
7.150	-34.357
7.160	-36.077
7.170	-37.367
7.180	-36.120
7.190	-39.517
7.200	-39.947
7.210	-39.947
7.220	-39.947
7.230	-41.667
7.240	-36.980
7.250	-38.227
7.260	-36.937
7.270	-35.217
7.280	-33.497
7.290	-28.767
7.300	-29.240
7.310	-26.617
7.320	-24.467
7.330	-21.457
7.340	-20.597
7.350	-12.040
7.360	-11.567
7.370	-11.567
7.380	-4.687
7.390	0.000
7.400	1.333
7.410	5.203
7.420	12.943
7.430	11.653
7.440	15.480
7.450	20.253
7.460	22.833
7.470	21.930
7.480	27.993
7.490	34.013
7.500	32.723
7.510	29.670
7.520	34.013
7.530	36.163
7.540	40.420
7.550	42.183
7.560	40.033
7.570	40.033
7.580	39.990
7.590	39.173
7.600	39.603
7.610	37.840
7.620	34.443
7.630	35.303
7.640	33.540
7.650	31.433
7.660	27.133
7.670	26.273
7.680	24.080
7.690	21.113
7.700	18.103
7.710	14.663
7.720	11.610
7.730	8.213
7.740	4.773
7.750	0.903
7.760	-2.150
7.770	-6.837
7.780	-9.417
7.790	-12.427
7.800	-15.437
7.810	-18.920
7.820	-23.607
7.830	-22.747
7.840	-25.757
7.850	-29.197
7.860	-31.820
7.870	-31.347
7.880	-36.937
7.890	-37.367
7.900	-35.647
7.910	-39.087
7.920	-39.990
7.930	-39.087
7.940	-39.947
7.950	-43.387
7.960	-37.797
7.970	-36.077
7.980	-33.540
7.990	-33.497
8.000	-33.927
8.010	-32.207
8.020	-31.347
8.030	-26.230
8.040	-21.027
8.050	-24.467
8.060	-15.867
8.070	-16.727
8.080	-8.600
8.090	-10.277
8.100	-6.407
8.110	-0.817
8.120	2.193
8.130	8.600
8.140	9.073
8.150	9.073
8.160	17.673
8.170	15.910
8.180	24.553
8.190	22.403
8.200	24.940
8.210	31.863
8.220	31.003
8.230	33.583
8.240	33.540
8.250	34.873
8.260	37.883
8.270	41.280
8.280	39.173
8.290	39.603
8.300	39.173
8.310	36.550
8.320	38.313
8.330	37.453
8.340	33.540
8.350	34.873
8.360	32.723
8.370	30.530
8.380	28.423
8.390	26.273
8.400	23.693
8.410	20.210
8.420	17.673
8.430	14.663
8.440	11.223
8.450	8.170
8.460	4.773
8.470	1.333
8.480	-2.107
8.490	-5.590
8.500	-8.557
8.510	-11.997
8.520	-15.437
8.530	-18.017
8.540	-21.500
8.550	-25.327
8.560	-26.187
8.570	-27.477
8.580	-30.917
8.590	-33.110
8.600	-34.357
8.610	-36.507
8.620	-34.787
8.630	-37.797
8.640	-38.657
8.650	-38.700
8.660	-39.087
8.670	-41.237
8.680	-38.227
8.690	-33.927
8.700	-36.077
8.710	-34.400
8.720	-32.637
8.730	-27.477
8.740	-32.207
8.750	-24.897
8.760	-22.790
8.770	-24.037
8.780	-14.577
8.790	-17.587
8.800	-8.557
8.810	-8.170
8.820	-6.407
8.830	-0.817
8.840	2.623
8.850	6.063
8.860	7.310
8.870	10.363
8.880	18.533
8.890	15.093
8.900	24.940
8.910	22.833
8.920	22.833
8.930	30.530
8.940	31.433
8.950	31.863
8.960	34.443
8.970	35.690
8.980	36.593
8.990	42.183
9.000	38.700
9.010	37.883
9.020	38.743
9.030	38.700
9.040	37.023
9.050	37.453
9.060	38.743
9.070	34.400
9.080	30.143
9.090	31.003
9.100	28.810
9.110	24.123
9.120	23.263
9.130	20.683
9.140	18.060
9.150	14.663
9.160	11.653
9.170	8.213