Position Uncertainty Oct 31, 2023 2:36 PM
Time (s)	Distance (cm)	Dist Error (cm)
0.000	15.392	0.239
0.010	15.393	0.239
0.020	15.393	0.239
0.030	15.394	0.239
0.040	15.394	0.239
0.050	15.394	0.239
0.060	15.394	0.239
0.070	15.395	0.239
0.080	15.395	0.239
0.090	15.396	0.239
0.100	15.396	0.239
0.110	15.397	0.239
0.120	15.384	0.239
0.130	15.385	0.239
0.140	15.385	0.239
0.150	15.385	0.239
0.160	15.385	0.239
0.170	15.386	0.239
0.180	15.386	0.239
0.190	15.387	0.239
0.200	15.387	0.239
0.210	15.388	0.239
0.220	15.388	0.239
0.230	15.388	0.239
0.240	15.389	0.239
0.250	15.389	0.239
0.260	15.390	0.239
0.270	15.390	0.239
0.280	15.390	0.239
0.290	15.391	0.239
0.300	15.391	0.239
0.310	15.391	0.239
0.320	15.392	0.239
0.330	15.392	0.239
0.340	15.393	0.239
0.350	15.393	0.239
0.360	15.394	0.239
0.370	15.394	0.239
0.380	15.394	0.239
0.390	15.395	0.239
0.400	15.395	0.239
0.410	15.395	0.239
0.420	15.396	0.239
0.430	15.396	0.239
0.440	15.397	0.239
0.450	15.384	0.239
0.460	15.385	0.239
0.470	15.385	0.239
0.480	15.385	0.239
0.490	15.386	0.239
0.500	15.386	0.239
0.510	15.386	0.239
0.520	15.387	0.239
0.530	15.387	0.239
0.540	15.388	0.239
0.550	15.388	0.239
0.560	15.388	0.239
0.570	15.389	0.239
0.580	15.389	0.239
0.590	15.390	0.239
0.600	15.390	0.239
0.610	15.391	0.239
0.620	15.391	0.239
0.630	15.391	0.239
0.640	15.391	0.239
0.650	15.392	0.239
0.660	15.392	0.239
0.670	15.393	0.239
0.680	15.393	0.239
0.690	15.394	0.239
0.700	15.394	0.239
0.710	15.394	0.239
0.720	15.395	0.239
0.730	15.395	0.239
0.740	15.396	0.239
0.750	15.396	0.239
0.760	15.396	0.239
0.770	15.384	0.239
0.780	15.384	0.239
0.790	15.385	0.239
0.800	15.385	0.239
0.810	15.385	0.239
0.820	15.386	0.239
0.830	15.386	0.239
0.840	15.387	0.239
0.850	15.387	0.239
0.860	15.388	0.239
0.870	15.388	0.239
0.880	15.388	0.239
0.890	15.388	0.239
0.900	15.389	0.239
0.910	15.389	0.239
0.920	15.390	0.239
0.930	15.390	0.239
0.940	15.391	0.239
0.950	15.391	0.239
0.960	15.391	0.239
0.970	15.392	0.239
0.980	15.392	0.239
0.990	15.392	0.239
1.000	15.393	0.239
1.010	15.393	0.239
1.020	15.394	0.239
1.030	15.394	0.239
1.040	15.394	0.239
1.050	15.395	0.239
1.060	15.395	0.239
1.070	15.396	0.239
1.080	15.396	0.239
1.090	15.397	0.239
1.100	15.380	0.239
1.110	15.384	0.239
1.120	15.385	0.239
1.130	15.385	0.239
1.140	15.385	0.239
1.150	15.386	0.239
1.160	15.386	0.239
1.170	15.387	0.239
1.180	15.387	0.239
1.190	15.388	0.239
1.200	15.388	0.239
1.210	15.388	0.239
1.220	15.389	0.239
1.230	15.389	0.239
1.240	15.389	0.239
1.250	15.390	0.239
1.260	15.390	0.239
1.270	15.391	0.239
1.280	15.391	0.239
1.290	15.391	0.239
1.300	15.392	0.239
1.310	15.392	0.239
1.320	15.393	0.239
1.330	15.393	0.239
1.340	15.394	0.239
1.350	15.394	0.239
1.360	15.394	0.239
1.370	15.394	0.239
1.380	15.395	0.239
1.390	15.395	0.239
1.400	15.396	0.239
1.410	15.396	0.239
1.420	15.397	0.239
1.430	15.384	0.239
1.440	15.385	0.239
1.450	15.385	0.239
1.460	15.385	0.239
1.470	15.385	0.239
1.480	15.386	0.239
1.490	15.386	0.239
1.500	15.387	0.239
1.510	15.387	0.239
1.520	15.388	0.239
1.530	15.388	0.239
1.540	15.388	0.239
1.550	15.389	0.239
1.560	15.389	0.239
1.570	15.385	0.239
1.580	15.390	0.239
1.590	15.390	0.239
1.600	15.391	0.239
1.610	15.391	0.239
1.620	15.391	0.239
1.630	15.392	0.239
1.640	15.392	0.239
1.650	15.393	0.239
1.660	15.393	0.239
1.670	15.394	0.239
1.680	15.394	0.239
1.690	15.394	0.239
1.700	15.395	0.239
1.710	15.395	0.239
1.720	15.395	0.239
1.730	15.396	0.239
1.740	15.396	0.239
1.750	15.384	0.239
1.760	15.384	0.239
1.770	15.385	0.239
1.780	15.385	0.239
1.790	15.385	0.239
1.800	15.386	0.239
1.810	15.386	0.239
1.820	15.387	0.239
1.830	15.387	0.239
1.840	15.387	0.239
1.850	15.388	0.239
1.860	15.388	0.239
1.870	15.388	0.239
1.880	15.389	0.239
1.890	15.389	0.239
1.900	15.390	0.239
1.910	15.390	0.239
1.920	15.391	0.239
1.930	15.391	0.239
1.940	15.391	0.239
1.950	15.391	0.239
1.960	15.392	0.239
1.970	15.392	0.239
1.980	15.393	0.239
1.990	15.393	0.239
2.000	15.394	0.239
2.010	15.394	0.239
2.020	15.394	0.239
2.030	15.395	0.239
2.040	15.395	0.239
2.050	15.396	0.239
2.060	15.396	0.239
2.070	15.396	0.239
2.080	15.384	0.239
2.090	15.384	0.239
2.100	15.385	0.239
2.110	15.385	0.239
2.120	15.385	0.239
2.130	15.386	0.239
2.140	15.386	0.239
2.150	15.387	0.239
2.160	15.387	0.239
2.170	15.388	0.239
2.180	15.388	0.239
2.190	15.388	0.239
2.200	15.388	0.239
2.210	15.385	0.239
2.220	15.385	0.239
2.230	15.385	0.239
2.240	15.390	0.239
2.250	15.386	0.239
2.260	15.387	0.239
2.270	15.387	0.239
2.280	15.388	0.239
2.290	15.392	0.239
2.300	15.393	0.239
2.310	15.393	0.239
2.320	15.393	0.239
2.330	15.394	0.239
2.340	15.394	0.239
2.350	15.394	0.239
2.360	15.395	0.239
2.370	15.395	0.239
2.380	15.396	0.239
2.390	15.396	0.239
2.400	15.397	0.239
2.410	15.384	0.239
2.420	15.385	0.239
2.430	15.385	0.239
2.440	15.385	0.239
2.450	15.385	0.239
2.460	15.386	0.239
2.470	15.386	0.239
2.480	15.387	0.239
2.490	15.387	0.239
2.500	15.388	0.239
2.510	15.388	0.239
2.520	15.388	0.239
2.530	15.389	0.239
2.540	15.389	0.239
2.550	15.389	0.239
2.560	15.390	0.239
2.570	15.390	0.239
2.580	15.391	0.239
2.590	15.391	0.239
2.600	15.391	0.239
2.610	15.392	0.239
2.620	15.392	0.239
2.630	15.393	0.239
2.640	15.393	0.239
2.650	15.394	0.239
2.660	15.394	0.239
2.670	15.394	0.239
2.680	15.394	0.239
2.690	15.395	0.239
2.700	15.395	0.239
2.710	15.396	0.239
2.720	15.396	0.239
2.730	15.397	0.239
2.740	15.384	0.239
2.750	15.385	0.239
2.760	15.385	0.239
2.770	15.385	0.239
2.780	15.386	0.239
2.790	15.386	0.239
2.800	15.386	0.239
2.810	15.387	0.239
2.820	15.387	0.239
2.830	15.388	0.239
2.840	15.388	0.239
2.850	15.388	0.239
2.860	15.389	0.239
2.870	15.389	0.239
2.880	15.385	0.239
2.890	15.390	0.239
2.900	15.386	0.239
2.910	15.387	0.239
2.920	15.387	0.239
2.930	15.387	0.239
2.940	15.392	0.239
2.950	15.392	0.239
2.960	15.393	0.239
2.970	15.393	0.239
2.980	15.394	0.239
2.990	15.394	0.239
3.000	15.394	0.239
3.010	15.395	0.239
3.020	15.395	0.239
3.030	15.396	0.239
3.040	15.396	0.239
3.050	15.396	0.239
3.060	15.384	0.239
3.070	15.384	0.239
3.080	15.385	0.239
3.090	15.385	0.239
3.100	15.385	0.239
3.110	15.386	0.239
3.120	15.386	0.239
3.130	15.387	0.239
3.140	15.387	0.239
3.150	15.388	0.239
3.160	15.388	0.239
3.170	15.388	0.239
3.180	15.388	0.239
3.190	15.389	0.239
3.200	15.389	0.239
3.210	15.390	0.239
3.220	15.390	0.239
3.230	15.391	0.239
3.240	15.391	0.239
3.250	15.391	0.239
3.260	15.392	0.239
3.270	15.392	0.239
3.280	15.392	0.239
3.290	15.393	0.239
3.300	15.393	0.239
3.310	15.394	0.239
3.320	15.394	0.239
3.330	15.394	0.239
3.340	15.395	0.239
3.350	15.395	0.239
3.360	15.396	0.239
3.370	15.396	0.239
3.380	15.397	0.239
3.390	15.384	0.239
3.400	15.384	0.239
3.410	15.380	0.239
3.420	15.385	0.239
3.430	15.381	0.239
3.440	15.382	0.239
3.450	15.382	0.239
3.460	15.382	0.239
3.470	15.383	0.239
3.480	15.383	0.239
3.490	15.384	0.239
3.500	15.388	0.239
3.510	15.385	0.239
3.520	15.385	0.239
3.530	15.385	0.239
3.540	15.390	0.239
3.550	15.386	0.239
3.560	15.391	0.239
3.570	15.387	0.239
3.580	15.391	0.239
3.590	15.388	0.239
3.600	15.388	0.239
3.610	15.393	0.239
3.620	15.393	0.239
3.630	15.394	0.239
3.640	15.389	0.239
3.650	15.394	0.239
3.660	15.394	0.239
3.670	15.395	0.239
3.680	15.395	0.239
3.690	15.396	0.239
3.700	15.396	0.239
3.710	15.397	0.239
3.720	15.384	0.239
3.730	15.385	0.239
3.740	15.385	0.239
3.750	15.385	0.239
3.760	15.385	0.239
3.770	15.386	0.239
3.780	15.386	0.239
3.790	15.387	0.239
3.800	15.387	0.239
3.810	15.388	0.239
3.820	15.388	0.239
3.830	15.388	0.239
3.840	15.389	0.239
3.850	15.389	0.239
3.860	15.390	0.239
3.870	15.390	0.239
3.880	15.390	0.239
3.890	15.391	0.239
3.900	15.391	0.239
3.910	15.391	0.239
3.920	15.392	0.239
3.930	15.392	0.239
3.940	15.393	0.239
3.950	15.393	0.239
3.960	15.394	0.239
3.970	15.394	0.239
3.980	15.394	0.239
3.990	15.395	0.239
4.000	15.395	0.239
4.010	15.395	0.239
4.020	15.396	0.239
4.030	15.396	0.239
4.040	15.384	0.239
4.050	15.384	0.239
4.060	15.385	0.239
4.070	15.385	0.239
4.080	15.385	0.239
4.090	15.386	0.239
4.100	15.386	0.239
4.110	15.387	0.239
4.120	15.387	0.239
4.130	15.387	0.239
4.140	15.388	0.239
4.150	15.388	0.239
4.160	15.388	0.239
4.170	15.389	0.239
4.180	15.389	0.239
4.190	15.390	0.239
4.200	15.390	0.239
4.210	15.391	0.239
4.220	15.391	0.239
4.230	15.391	0.239
4.240	15.391	0.239
4.250	15.392	0.239
4.260	15.392	0.239
4.270	15.393	0.239
4.280	15.393	0.239
4.290	15.394	0.239
4.300	15.394	0.239
4.310	15.394	0.239
4.320	15.395	0.239
4.330	15.395	0.239
4.340	15.396	0.239
4.350	15.396	0.239
4.360	15.396	0.239
4.370	15.384	0.239
4.380	15.384	0.239
4.390	15.385	0.239
4.400	15.385	0.239
4.410	15.385	0.239
4.420	15.386	0.239
4.430	15.386	0.239
4.440	15.387	0.239
4.450	15.387	0.239
4.460	15.388	0.239
4.470	15.388	0.239
4.480	15.388	0.239
4.490	15.388	0.239
4.500	15.389	0.239
4.510	15.389	0.239
4.520	15.390	0.239
4.530	15.390	0.239
4.540	15.391	0.239
4.550	15.391	0.239
4.560	15.391	0.239
4.570	15.392	0.239
4.580	15.392	0.239
4.590	15.393	0.239
4.600	15.393	0.239
4.610	15.393	0.239
4.620	15.394	0.239
4.630	15.394	0.239
4.640	15.394	0.239
4.650	15.395	0.239
4.660	15.395	0.239
4.670	15.396	0.239
4.680	15.396	0.239
4.690	15.397	0.239
4.700	15.384	0.239
4.710	15.385	0.239
4.720	15.385	0.239
4.730	15.385	0.239
4.740	15.385	0.239
4.750	15.386	0.239
4.760	15.386	0.239
4.770	15.387	0.239
4.780	15.387	0.239
4.790	15.388	0.239
4.800	15.388	0.239
4.810	15.388	0.239
4.820	15.389	0.239
4.830	15.389	0.239
4.840	15.389	0.239
4.850	15.390	0.239
4.860	15.390	0.239
4.870	15.391	0.239
4.880	15.391	0.239
4.890	15.391	0.239
4.900	15.392	0.239
4.910	15.392	0.239
4.920	15.393	0.239
4.930	15.393	0.239
4.940	15.394	0.239
4.950	15.394	0.239
4.960	15.394	0.239
4.970	15.394	0.239
4.980	15.395	0.239
4.990	15.395	0.239
5.000	15.396	0.239
5.010	15.396	0.239
5.020	15.397	0.239
5.030	15.384	0.239
5.040	15.385	0.239
5.050	15.385	0.239
5.060	15.385	0.239
5.070	15.386	0.239
5.080	15.386	0.239
5.090	15.386	0.239
5.100	15.387	0.239
5.110	15.387	0.239
5.120	15.388	0.239
5.130	15.388	0.239
5.140	15.388	0.239
5.150	15.389	0.239
5.160	15.389	0.239
5.170	15.390	0.239
5.180	15.390	0.239
5.190	15.391	0.239
5.200	15.391	0.239
5.210	15.391	0.239
5.220	15.391	0.239
5.230	15.392	0.239
5.240	15.392	0.239
5.250	15.393	0.239
5.260	15.393	0.239
5.270	15.394	0.239
5.280	15.394	0.239
5.290	15.394	0.239
5.300	15.395	0.239
5.310	15.395	0.239
5.320	15.395	0.239
5.330	15.396	0.239
5.340	15.396	0.239
5.350	15.384	0.239
5.360	15.384	0.239
5.370	15.385	0.239
5.380	15.385	0.239
5.390	15.385	0.239
5.400	15.386	0.239
5.410	15.386	0.239
5.420	15.387	0.239
5.430	15.387	0.239
5.440	15.388	0.239
5.450	15.388	0.239
5.460	15.388	0.239
5.470	15.388	0.239
5.480	15.389	0.239
5.490	15.389	0.239
5.500	15.390	0.239
5.510	15.390	0.239
5.520	15.391	0.239
5.530	15.391	0.239
5.540	15.391	0.239
5.550	15.392	0.239
5.560	15.392	0.239
5.570	15.392	0.239
5.580	15.393	0.239
5.590	15.393	0.239
5.600	15.394	0.239
5.610	15.394	0.239
5.620	15.394	0.239
5.630	15.395	0.239
5.640	15.395	0.239
5.650	15.396	0.239
5.660	15.396	0.239
5.670	15.397	0.239
5.680	15.384	0.239
5.690	15.384	0.239
5.700	15.385	0.239
5.710	15.385	0.239
5.720	15.385	0.239
5.730	15.386	0.239
5.740	15.386	0.239
5.750	15.387	0.239
5.760	15.387	0.239
5.770	15.388	0.239
5.780	15.388	0.239
5.790	15.388	0.239
5.800	15.389	0.239
5.810	15.389	0.239
5.820	15.389	0.239
5.830	15.390	0.239
5.840	15.390	0.239
5.850	15.391	0.239
5.860	15.391	0.239
5.870	15.391	0.239
5.880	15.392	0.239
5.890	15.392	0.239
5.900	15.393	0.239
5.910	15.393	0.239
5.920	15.394	0.239
5.930	15.394	0.239
5.940	15.394	0.239
5.950	15.394	0.239
5.960	15.395	0.239
5.970	15.395	0.239
5.980	15.396	0.239
5.990	15.396	0.239
6.000	15.397	0.239
6.010	15.384	0.239
6.020	15.385	0.239
6.030	15.385	0.239
6.040	15.385	0.239
6.050	15.385	0.239
6.060	15.386	0.239
6.070	15.386	0.239
6.080	15.387	0.239
6.090	15.387	0.239
6.100	15.388	0.239
6.110	15.388	0.239
6.120	15.388	0.239
6.130	15.389	0.239
6.140	15.389	0.239
6.150	15.390	0.239
6.160	15.390	0.239
6.170	15.390	0.239
6.180	15.391	0.239
6.190	15.391	0.239
6.200	15.391	0.239
6.210	15.392	0.239
6.220	15.392	0.239
6.230	15.393	0.239
6.240	15.393	0.239
6.250	15.394	0.239
6.260	15.394	0.239
6.270	15.394	0.239
6.280	15.395	0.239
6.290	15.395	0.239
6.300	15.395	0.239
6.310	15.396	0.239
6.320	15.396	0.239
6.330	15.384	0.239
6.340	15.384	0.239
6.350	15.385	0.239
6.360	15.385	0.239
6.370	15.385	0.239
6.380	15.386	0.239
6.390	15.386	0.239
6.400	15.387	0.239
6.410	15.387	0.239
6.420	15.387	0.239
6.430	15.388	0.239
6.440	15.388	0.239
6.450	15.388	0.239
6.460	15.389	0.239
6.470	15.389	0.239
6.480	15.390	0.239
6.490	15.390	0.239
6.500	15.391	0.239
6.510	15.387	0.239
6.520	15.391	0.239
6.530	15.391	0.239
6.540	15.388	0.239
6.550	15.388	0.239
6.560	15.388	0.239
6.570	15.389	0.239
6.580	15.389	0.239
6.590	15.390	0.239
6.600	15.390	0.239
6.610	15.391	0.239
6.620	15.391	0.239
6.630	15.391	0.239
6.640	15.392	0.239
6.650	15.392	0.239
6.660	15.379	0.239
6.670	15.380	0.239
6.680	15.385	0.239
6.690	15.385	0.239
6.700	15.385	0.239
6.710	15.382	0.239
6.720	15.386	0.239
6.730	15.387	0.239
6.740	15.387	0.239
6.750	15.388	0.239
6.760	15.388	0.239
6.770	15.388	0.239
6.780	15.388	0.239
6.790	15.389	0.239
6.800	15.389	0.239
6.810	15.390	0.239
6.820	15.390	0.239
6.830	15.391	0.239
6.840	15.391	0.239
6.850	15.391	0.239
6.860	15.392	0.239
6.870	15.392	0.239
6.880	15.393	0.239
6.890	15.388	0.239
6.900	15.393	0.239
6.910	15.394	0.239
6.920	15.394	0.239
6.930	15.394	0.239
6.940	15.395	0.239
6.950	15.395	0.239
6.960	15.396	0.239
6.970	15.396	0.239
6.980	15.392	0.239
6.990	15.384	0.239
7.000	15.385	0.239
7.010	15.385	0.239
7.020	15.381	0.239
7.030	15.381	0.239
7.040	15.386	0.239
7.050	15.386	0.239
7.060	15.387	0.239
7.070	15.387	0.239
7.080	15.383	0.239
7.090	15.384	0.239
7.100	15.384	0.239
7.110	15.389	0.239
7.120	15.389	0.239
7.130	15.389	0.239
7.140	15.390	0.239
7.150	15.390	0.239
7.160	15.391	0.239
7.170	15.387	0.239
7.180	15.391	0.239
7.190	15.388	0.239
7.200	15.392	0.239
7.210	15.393	0.239
7.220	15.389	0.239
7.230	15.394	0.239
7.240	15.390	0.239
7.250	15.394	0.239
7.260	15.394	0.239
7.270	15.395	0.239
7.280	15.395	0.239
7.290	15.396	0.239
7.300	15.392	0.239
7.310	15.397	0.239
7.320	15.384	0.239
7.330	15.385	0.239
7.340	15.385	0.239
7.350	15.385	0.239
7.360	15.386	0.239
7.370	15.386	0.239
7.380	15.386	0.239
7.390	15.387	0.239
7.400	15.387	0.239
7.410	15.388	0.239
7.420	15.388	0.239
7.430	15.388	0.239
7.440	15.389	0.239
7.450	15.389	0.239
7.460	15.390	0.239
7.470	15.390	0.239
7.480	15.391	0.239
7.490	15.391	0.239
7.500	15.391	0.239
7.510	15.391	0.239
7.520	15.388	0.239
7.530	15.388	0.239
7.540	15.393	0.239
7.550	15.389	0.239
7.560	15.394	0.239
7.570	15.394	0.239
7.580	15.394	0.239
7.590	15.395	0.239
7.600	15.395	0.239
7.610	15.395	0.239
7.620	15.396	0.239
7.630	15.396	0.239
7.640	15.384	0.239
7.650	15.384	0.239
7.660	15.385	0.239
7.670	15.381	0.239
7.680	15.385	0.239
7.690	15.386	0.239
7.700	15.386	0.239
7.710	15.387	0.239
7.720	15.383	0.239
7.730	15.383	0.239
7.740	15.388	0.239
7.750	15.384	0.239
7.760	15.388	0.239
7.770	15.385	0.239
7.780	15.389	0.239
7.790	15.390	0.239
7.800	15.390	0.239
7.810	15.391	0.239
7.820	15.391	0.239
7.830	15.391	0.239
7.840	15.388	0.239
7.850	15.392	0.239
7.860	15.392	0.239
7.870	15.393	0.239
7.880	15.393	0.239
7.890	15.394	0.239
7.900	15.394	0.239
7.910	15.394	0.239
7.920	15.395	0.239
7.930	15.395	0.239
7.940	15.396	0.239
7.950	15.392	0.239
7.960	15.397	0.239
7.970	15.384	0.239
7.980	15.384	0.239
7.990	15.385	0.239
8.000	15.385	0.239
8.010	15.385	0.239
8.020	15.386	0.239
8.030	15.386	0.239
8.040	15.387	0.239
8.050	15.387	0.239
8.060	15.388	0.239
8.070	15.388	0.239
8.080	15.388	0.239
8.090	15.388	0.239
8.100	15.389	0.239
8.110	15.389	0.239
8.120	15.390	0.239
8.130	15.390	0.239
8.140	15.391	0.239
8.150	15.391	0.239
8.160	15.391	0.239
8.170	15.392	0.239
8.180	15.392	0.239
8.190	15.393	0.239
8.200	15.393	0.239
8.210	15.393	0.239
8.220	15.394	0.239
8.230	15.394	0.239
8.240	15.394	0.239
8.250	15.395	0.239
8.260	15.395	0.239
8.270	15.396	0.239
8.280	15.396	0.239
8.290	15.397	0.239
8.300	15.384	0.239
8.310	15.385	0.239
8.320	15.385	0.239
8.330	15.385	0.239
8.340	15.385	0.239
8.350	15.386	0.239
8.360	15.386	0.239
8.370	15.387	0.239
8.380	15.387	0.239
8.390	15.388	0.239
8.400	15.388	0.239
8.410	15.388	0.239
8.420	15.389	0.239
8.430	15.389	0.239
8.440	15.390	0.239
8.450	15.390	0.239
8.460	15.390	0.239
8.470	15.391	0.239
8.480	15.391	0.239
8.490	15.391	0.239
8.500	15.392	0.239
8.510	15.392	0.239
8.520	15.393	0.239
8.530	15.393	0.239
8.540	15.394	0.239
8.550	15.394	0.239
8.560	15.394	0.239
8.570	15.394	0.239
8.580	15.395	0.239
8.590	15.395	0.239
8.600	15.396	0.239
8.610	15.396	0.239
8.620	15.397	0.239
8.630	15.384	0.239
8.640	15.385	0.239
8.650	15.385	0.239
8.660	15.385	0.239
8.670	15.386	0.239
8.680	15.386	0.239
8.690	15.386	0.239
8.700	15.387	0.239
8.710	15.387	0.239
8.720	15.388	0.239
8.730	15.388	0.239
8.740	15.388	0.239
8.750	15.389	0.239
8.760	15.389	0.239
8.770	15.390	0.239
8.780	15.390	0.239
8.790	15.391	0.239
8.800	15.391	0.239
8.810	15.391	0.239
8.820	15.391	0.239
8.830	15.392	0.239
8.840	15.392	0.239
8.850	15.393	0.239
8.860	15.393	0.239
8.870	15.394	0.239
8.880	15.394	0.239
8.890	15.394	0.239
8.900	15.395	0.239
8.910	15.395	0.239
8.920	15.396	0.239
8.930	15.396	0.239
8.940	15.396	0.239
8.950	15.384	0.239
8.960	15.384	0.239
8.970	15.385	0.239
8.980	15.385	0.239
8.990	15.385	0.239
9.000	15.386	0.239
9.010	15.386	0.239
9.020	15.387	0.239
9.030	15.387	0.239
9.040	15.388	0.239
9.050	15.388	0.239
9.060	15.388	0.239
9.070	15.388	0.239
9.080	15.389	0.239
9.090	15.389	0.239
9.100	15.390	0.239
9.110	15.390	0.239
9.120	15.391	0.239
9.130	15.391	0.239
9.140	15.391	0.239
9.150	15.392	0.239
9.160	15.392	0.239
9.170	15.392	0.239
9.180	15.393	0.239
9.190	15.393	0.239
9.200	15.394	0.239
9.210	15.394	0.239
9.220	15.394	0.239
9.230	15.395	0.239
9.240	15.395	0.239
9.250	15.396	0.239
9.260	15.396	0.239
9.270	15.397	0.239
9.280	15.384	0.239
9.290	15.384	0.239
9.300	15.385	0.239
9.310	15.385	0.239
9.320	15.385	0.239
9.330	15.386	0.239
9.340	15.386	0.239
9.350	15.387	0.239
9.360	15.387	0.239
9.370	15.388	0.239
9.380	15.388	0.239
9.390	15.388	0.239
9.400	15.389	0.239
9.410	15.389	0.239
9.420	15.389	0.239
9.430	15.390	0.239
9.440	15.390	0.239
9.450	15.391	0.239
9.460	15.391	0.239
9.470	15.391	0.239
9.480	15.392	0.239
9.490	15.392	0.239
9.500	15.393	0.239
9.510	15.393	0.239
9.520	15.394	0.239
9.530	15.394	0.239
9.540	15.394	0.239
9.550	15.394	0.239
9.560	15.395	0.239
9.570	15.395	0.239
9.580	15.396	0.239
9.590	15.396	0.239
9.600	15.397	0.239
9.610	15.384	0.239
9.620	15.385	0.239
9.630	15.385	0.239
9.640	15.385	0.239
9.650	15.385	0.239
9.660	15.386	0.239
9.670	15.386	0.239
9.680	15.387	0.239
9.690	15.387	0.239
9.700	15.388	0.239
9.710	15.388	0.239
9.720	15.388	0.239
9.730	15.389	0.239
9.740	15.389	0.239
9.750	15.390	0.239
9.760	15.390	0.239
9.770	15.390	0.239
9.780	15.391	0.239
9.790	15.391	0.239
9.800	15.391	0.239
9.810	15.392	0.239
9.820	15.392	0.239
9.830	15.393	0.239
9.840	15.393	0.239
9.850	15.394	0.239
9.860	15.394	0.239
9.870	15.394	0.239
9.880	15.395	0.239
9.890	15.395	0.239
9.900	15.395	0.239
9.910	15.396	0.239
9.920	15.396	0.239
9.930	15.384	0.239
9.940	15.384	0.239
9.950	15.385	0.239
9.960	15.385	0.239
9.970	15.385	0.239
9.980	15.386	0.239
9.990	15.386	0.239
10.000	15.387	0.239
10.010	15.387	0.239
10.020	15.387	0.239
10.030	15.388	0.239
10.040	15.388	0.239
10.050	15.388	0.239
10.060	15.389	0.239
10.070	15.389	0.239
10.080	15.390	0.239
10.090	15.390	0.239
10.100	15.391	0.239
10.110	15.391	0.239
10.120	15.391	0.239
10.130	15.391	0.239
10.140	15.392	0.239
10.150	15.392	0.239
10.160	15.393	0.239
10.170	15.393	0.239
10.180	15.394	0.239
10.190	15.394	0.239
10.200	15.394	0.239
10.210	15.395	0.239
10.220	15.395	0.239
10.230	15.396	0.239
10.240	15.396	0.239
10.250	15.396	0.239
10.260	15.384	0.239
10.270	15.384	0.239
10.280	15.385	0.239
10.290	15.385	0.239
10.300	15.385	0.239
10.310	15.386	0.239
10.320	15.386	0.239
10.330	15.387	0.239
10.340	15.387	0.239
10.350	15.388	0.239
10.360	15.388	0.239
10.370	15.388	0.239
10.380	15.388	0.239
10.390	15.389	0.239
10.400	15.389	0.239
10.410	15.390	0.239
10.420	15.390	0.239
10.430	15.391	0.239
10.440	15.391	0.239
10.450	15.391	0.239
10.460	15.392	0.239
10.470	15.392	0.239
10.480	15.393	0.239
10.490	15.393	0.239
10.500	15.393	0.239
10.510	15.394	0.239
10.520	15.394	0.239
10.530	15.394	0.239
10.540	15.395	0.239
10.550	15.395	0.239
10.560	15.396	0.239
10.570	15.396	0.239
10.580	15.397	0.239
10.590	15.384	0.239
10.600	15.384	0.239
10.610	15.385	0.239
10.620	15.385	0.239
10.630	15.385	0.239
10.640	15.386	0.239
10.650	15.386	0.239
10.660	15.387	0.239
10.670	15.387	0.239
10.680	15.388	0.239
10.690	15.388	0.239
10.700	15.388	0.239
10.710	15.389	0.239
10.720	15.389	0.239
10.730	15.389	0.239
10.740	15.390	0.239
10.750	15.390	0.239
10.760	15.391	0.239
10.770	15.391	0.239
10.780	15.391	0.239
10.790	15.392	0.239
10.800	15.392	0.239
10.810	15.393	0.239
10.820	15.393	0.239
10.830	15.394	0.239
10.840	15.394	0.239
10.850	15.394	0.239
10.860	15.394	0.239
10.870	15.395	0.239
10.880	15.395	0.239
10.890	15.396	0.239
10.900	15.396	0.239
10.910	15.397	0.239
10.920	15.384	0.239
10.930	15.385	0.239
10.940	15.385	0.239
10.950	15.385	0.239
10.960	15.385	0.239
10.970	15.386	0.239
10.980	15.386	0.239
10.990	15.387	0.239
11.000	15.387	0.239
11.010	15.388	0.239
11.020	15.388	0.239
11.030	15.388	0.239
11.040	15.389	0.239
11.050	15.389	0.239
11.060	15.390	0.239
11.070	15.390	0.239
11.080	15.390	0.239
11.090	15.391	0.239
11.100	15.391	0.239
11.110	15.391	0.239
11.120	15.392	0.239
11.130	15.392	0.239
11.140	15.393	0.239
11.150	15.393	0.239
11.160	15.394	0.239
11.170	15.394	0.239
11.180	15.394	0.239
11.190	15.395	0.239
11.200	15.395	0.239
11.210	15.395	0.239
11.220	15.396	0.239
11.230	15.396	0.239
11.240	15.384	0.239
11.250	15.384	0.239
11.260	15.385	0.239
11.270	15.385	0.239
11.280	15.385	0.239
11.290	15.386	0.239
11.300	15.386	0.239
11.310	15.387	0.239
11.320	15.382	0.239
11.330	15.387	0.239
11.340	15.388	0.239
11.350	15.388	0.239
11.360	15.388	0.239
11.370	15.389	0.239
11.380	15.385	0.239
11.390	15.390	0.239
11.400	15.390	0.239
11.410	15.391	0.239
11.420	15.391	0.239
11.430	15.391	0.239
11.440	15.391	0.239
11.450	15.392	0.239
11.460	15.392	0.239
11.470	15.393	0.239
11.480	15.389	0.239
11.490	15.394	0.239
11.500	15.394	0.239
11.510	15.394	0.239
11.520	15.391	0.239
11.530	15.395	0.239
11.540	15.396	0.239
11.550	15.396	0.239
11.560	15.396	0.239
11.570	15.384	0.239
11.580	15.384	0.239
11.590	15.385	0.239
11.600	15.385	0.239
11.610	15.385	0.239
11.620	15.386	0.239
11.630	15.386	0.239
11.640	15.387	0.239
11.650	15.387	0.239
11.660	15.388	0.239
11.670	15.388	0.239
11.680	15.388	0.239
11.690	15.388	0.239
11.700	15.389	0.239
11.710	15.389	0.239
11.720	15.390	0.239
11.730	15.390	0.239
11.740	15.391	0.239
11.750	15.391	0.239
11.760	15.391	0.239
11.770	15.392	0.239
11.780	15.392	0.239
11.790	15.392	0.239
11.800	15.393	0.239
11.810	15.393	0.239
11.820	15.394	0.239
11.830	15.394	0.239
11.840	15.394	0.239
11.850	15.391	0.239
11.860	15.395	0.239
11.870	15.396	0.239
11.880	15.396	0.239