Mass Spring Only Mass Position Data Oct 31, 2023 1:49 PM
Time (s)	Distance (cm)	Dist Error (cm)
0.680	27.906	0.239
0.690	27.876	0.239
0.700	27.808	0.239
0.710	27.714	0.239
0.720	27.585	0.239
0.730	27.427	0.239
0.740	27.246	0.239
0.750	27.032	0.239
0.760	26.791	0.239
0.770	26.534	0.239
0.780	26.250	0.239
0.790	25.954	0.239
0.800	25.636	0.239
0.810	25.305	0.239
0.820	24.966	0.239
0.830	24.618	0.239
0.840	24.266	0.239
0.850	23.910	0.239
0.860	23.558	0.239
0.870	23.192	0.239
0.880	22.845	0.239
0.890	22.509	0.239
0.900	22.187	0.239
0.910	21.878	0.239
0.920	21.590	0.239
0.930	21.324	0.239
0.940	21.075	0.239
0.950	20.848	0.239
0.960	20.650	0.239
0.970	20.479	0.239
0.980	20.342	0.239
0.990	20.222	0.239
1.000	20.145	0.239
1.010	20.093	0.239
1.020	20.076	0.239
1.030	20.090	0.239
1.040	20.137	0.239
1.050	20.211	0.239
1.060	20.319	0.239
1.070	20.461	0.239
1.080	20.621	0.239
1.090	20.823	0.239
1.100	21.047	0.239
1.110	21.288	0.239
1.120	21.555	0.239
1.130	21.848	0.239
1.140	22.158	0.239
1.150	22.480	0.239
1.160	22.816	0.239
1.170	23.161	0.239
1.180	23.518	0.239
1.190	23.884	0.239
1.200	24.263	0.239
1.210	24.620	0.239
1.220	24.981	0.239
1.230	25.326	0.239
1.240	25.653	0.239
1.250	25.954	0.239
1.260	26.243	0.239
1.270	26.518	0.239
1.280	26.777	0.239
1.290	27.013	0.239
1.300	27.220	0.239
1.310	27.410	0.239
1.320	27.565	0.239
1.330	27.699	0.239
1.340	27.798	0.239
1.350	27.867	0.239
1.360	27.906	0.239
1.370	27.915	0.239
1.380	27.890	0.239
1.390	27.830	0.239
1.400	27.736	0.239
1.410	27.603	0.239
1.420	27.449	0.239
1.430	27.259	0.239
1.440	27.053	0.239
1.450	26.817	0.239
1.460	26.560	0.239
1.470	26.281	0.239
1.480	25.984	0.239
1.490	25.671	0.239
1.500	25.345	0.239
1.510	25.005	0.239
1.520	24.657	0.239
1.530	24.305	0.239
1.540	23.940	0.239
1.550	23.588	0.239
1.560	23.236	0.239
1.570	22.888	0.239
1.580	22.548	0.239
1.590	22.222	0.239
1.600	21.913	0.239
1.610	21.625	0.239
1.620	21.359	0.239
1.630	21.106	0.239
1.640	20.874	0.239
1.650	20.677	0.239
1.660	20.501	0.239
1.670	20.359	0.239
1.680	20.239	0.239
1.690	20.158	0.239
1.700	20.107	0.239
1.710	20.085	0.239
1.720	20.099	0.239
1.730	20.138	0.239
1.740	20.211	0.239
1.750	20.324	0.239
1.760	20.462	0.239
1.770	20.621	0.239
1.780	20.819	0.239
1.790	21.043	0.239
1.800	21.280	0.239
1.810	21.547	0.239
1.820	21.835	0.239
1.830	22.141	0.239
1.840	22.459	0.239
1.850	22.795	0.239
1.860	23.135	0.239
1.870	23.484	0.239
1.880	23.828	0.239
1.890	24.181	0.239
1.900	24.534	0.239
1.910	24.883	0.239
1.920	25.223	0.239
1.930	25.554	0.239
1.940	25.873	0.239
1.950	26.179	0.239
1.960	26.463	0.239
1.970	26.730	0.239
1.980	26.971	0.239
1.990	27.186	0.239
2.000	27.376	0.239
2.010	27.540	0.239
2.020	27.674	0.239
2.030	27.777	0.239
2.040	27.846	0.239
2.050	27.885	0.239
2.060	27.894	0.239
2.070	27.869	0.239
2.080	27.813	0.239
2.090	27.728	0.239
2.100	27.608	0.239
2.110	27.462	0.239
2.120	27.281	0.239
2.130	27.080	0.239
2.140	26.848	0.239
2.150	26.595	0.239
2.160	26.320	0.239
2.170	26.024	0.239
2.180	25.714	0.239
2.190	25.392	0.239
2.200	25.053	0.239
2.210	24.710	0.239
2.220	24.344	0.239
2.230	23.988	0.239
2.240	23.636	0.239
2.250	23.288	0.239
2.260	22.940	0.239
2.270	22.605	0.239
2.280	22.274	0.239
2.290	21.965	0.239
2.300	21.673	0.239
2.310	21.402	0.239
2.320	21.145	0.239
2.330	20.904	0.239
2.340	20.707	0.239
2.350	20.523	0.239
2.360	20.381	0.239
2.370	20.248	0.239
2.380	20.167	0.239
2.390	20.112	0.239
2.400	20.090	0.239
2.410	20.095	0.239
2.420	20.130	0.239
2.430	20.195	0.239
2.440	20.298	0.239
2.450	20.440	0.239
2.460	20.596	0.239
2.470	20.794	0.239
2.480	21.009	0.239
2.490	21.242	0.239
2.500	21.513	0.239
2.510	21.801	0.239
2.520	22.107	0.239
2.530	22.426	0.239
2.540	22.753	0.239
2.550	23.093	0.239
2.560	23.429	0.239
2.570	23.786	0.239
2.580	24.139	0.239
2.590	24.492	0.239
2.600	24.840	0.239
2.610	25.180	0.239
2.620	25.512	0.239
2.630	25.835	0.239
2.640	26.136	0.239
2.650	26.424	0.239
2.660	26.691	0.239
2.670	26.937	0.239
2.680	27.152	0.239
2.690	27.346	0.239
2.700	27.510	0.239
2.710	27.644	0.239
2.720	27.751	0.239
2.730	27.821	0.239
2.740	27.864	0.239
2.750	27.873	0.239
2.760	27.852	0.239
2.770	27.796	0.239
2.780	27.715	0.239
2.790	27.600	0.239
2.800	27.449	0.239
2.810	27.277	0.239
2.820	27.076	0.239
2.830	26.848	0.239
2.840	26.599	0.239
2.850	26.329	0.239
2.860	26.037	0.239
2.870	25.732	0.239
2.880	25.406	0.239
2.890	25.075	0.239
2.900	24.719	0.239
2.910	24.371	0.239
2.920	24.019	0.239
2.930	23.671	0.239
2.940	23.318	0.239
2.950	22.979	0.239
2.960	22.644	0.239
2.970	22.322	0.239
2.980	22.013	0.239
2.990	21.721	0.239
3.000	21.442	0.239
3.010	21.184	0.239
3.020	20.952	0.239
3.030	20.755	0.239
3.040	20.566	0.239
3.050	20.425	0.239
3.060	20.296	0.239
3.070	20.206	0.239
3.080	20.151	0.239
3.090	20.121	0.239
3.100	20.125	0.239
3.110	20.160	0.239
3.120	20.225	0.239
3.130	20.324	0.239
3.140	20.454	0.239
3.150	20.609	0.239
3.160	20.799	0.239
3.170	21.009	0.239
3.180	21.242	0.239
3.190	21.505	0.239
3.200	21.785	0.239
3.210	22.086	0.239
3.220	22.400	0.239
3.230	22.727	0.239
3.240	23.050	0.239
3.250	23.399	0.239
3.260	23.748	0.239
3.270	24.105	0.239
3.280	24.458	0.239
3.290	24.806	0.239
3.300	25.146	0.239
3.310	25.478	0.239
3.320	25.797	0.239
3.330	26.102	0.239
3.340	26.391	0.239
3.350	26.662	0.239
3.360	26.903	0.239
3.370	27.123	0.239
3.380	27.325	0.239
3.390	27.493	0.239
3.400	27.631	0.239
3.410	27.739	0.239
3.420	27.817	0.239
3.430	27.864	0.239
3.440	27.878	0.239
3.450	27.857	0.239
3.460	27.810	0.239
3.470	27.733	0.239
3.480	27.617	0.239
3.490	27.471	0.239
3.500	27.304	0.239
3.510	27.106	0.239
3.520	26.883	0.239
3.530	26.638	0.239
3.540	26.372	0.239
3.550	26.085	0.239
3.560	25.784	0.239
3.570	25.471	0.239
3.580	25.127	0.239
3.590	24.783	0.239
3.600	24.427	0.239
3.610	24.066	0.239
3.620	23.710	0.239
3.630	23.358	0.239
3.640	23.014	0.239
3.650	22.675	0.239
3.660	22.353	0.239
3.670	22.043	0.239
3.680	21.747	0.239
3.690	21.468	0.239
3.700	21.202	0.239
3.710	20.970	0.239
3.720	20.768	0.239
3.730	20.575	0.239
3.740	20.434	0.239
3.750	20.301	0.239
3.760	20.211	0.239
3.770	20.155	0.239
3.780	20.121	0.239
3.790	20.121	0.239
3.800	20.152	0.239
3.810	20.217	0.239
3.820	20.312	0.239
3.830	20.441	0.239
3.840	20.588	0.239
3.850	20.778	0.239
3.860	20.980	0.239
3.870	21.212	0.239
3.880	21.471	0.239
3.890	21.751	0.239
3.900	22.048	0.239
3.910	22.358	0.239
3.920	22.667	0.239
3.930	23.003	0.239
3.940	23.348	0.239
3.950	23.696	0.239
3.960	24.049	0.239
3.970	24.398	0.239
3.980	24.746	0.239
3.990	25.087	0.239
4.000	25.418	0.239
4.010	25.741	0.239
4.020	26.043	0.239
4.030	26.331	0.239
4.040	26.602	0.239
4.050	26.847	0.239
4.060	27.072	0.239
4.070	27.270	0.239
4.080	27.442	0.239
4.090	27.585	0.239
4.100	27.697	0.239
4.110	27.778	0.239
4.120	27.830	0.239
4.130	27.848	0.239
4.140	27.836	0.239
4.150	27.789	0.239
4.160	27.716	0.239
4.170	27.609	0.239
4.180	27.472	0.239
4.190	27.305	0.239
4.200	27.111	0.239
4.210	26.892	0.239
4.220	26.652	0.239
4.230	26.386	0.239
4.240	26.102	0.239
4.250	25.802	0.239
4.260	25.471	0.239
4.270	25.145	0.239
4.280	24.805	0.239
4.290	24.462	0.239
4.300	24.114	0.239
4.310	23.766	0.239
4.320	23.418	0.239
4.330	23.075	0.239
4.340	22.740	0.239
4.350	22.418	0.239
4.360	22.104	0.239
4.370	21.807	0.239
4.380	21.528	0.239
4.390	21.267	0.239
4.400	21.039	0.239
4.410	20.824	0.239
4.420	20.640	0.239
4.430	20.481	0.239
4.440	20.353	0.239
4.450	20.250	0.239
4.460	20.186	0.239
4.470	20.152	0.239
4.480	20.148	0.239
4.490	20.174	0.239
4.500	20.230	0.239
4.510	20.321	0.239
4.520	20.446	0.239
4.530	20.588	0.239
4.540	20.778	0.239
4.550	20.976	0.239
4.560	21.204	0.239
4.570	21.463	0.239
4.580	21.738	0.239
4.590	22.027	0.239
4.600	22.320	0.239
4.610	22.643	0.239
4.620	22.974	0.239
4.630	23.314	0.239
4.640	23.658	0.239
4.650	24.003	0.239
4.660	24.356	0.239
4.670	24.704	0.239
4.680	25.053	0.239
4.690	25.393	0.239
4.700	25.720	0.239
4.710	26.026	0.239
4.720	26.319	0.239
4.730	26.585	0.239
4.740	26.831	0.239
4.750	27.059	0.239
4.760	27.257	0.239
4.770	27.438	0.239
4.780	27.581	0.239
4.790	27.706	0.239
4.800	27.792	0.239
4.810	27.848	0.239
4.820	27.874	0.239
4.830	27.875	0.239
4.840	27.841	0.239
4.850	27.781	0.239
4.860	27.678	0.239
4.870	27.541	0.239
4.880	27.378	0.239
4.890	27.172	0.239
4.900	26.944	0.239
4.910	26.695	0.239
4.920	26.425	0.239
4.930	26.137	0.239
4.940	25.819	0.239
4.950	25.502	0.239
4.960	25.175	0.239
4.970	24.840	0.239
4.980	24.497	0.239
4.990	24.149	0.239
5.000	23.801	0.239
5.010	23.453	0.239
5.020	23.114	0.239
5.030	22.779	0.239
5.040	22.452	0.239
5.050	22.143	0.239
5.060	21.842	0.239
5.070	21.563	0.239
5.080	21.306	0.239
5.090	21.074	0.239
5.100	20.855	0.239
5.110	20.666	0.239
5.120	20.508	0.239
5.130	20.379	0.239
5.140	20.272	0.239
5.150	20.199	0.239
5.160	20.161	0.239
5.170	20.152	0.239
5.180	20.179	0.239
5.190	20.231	0.239
5.200	20.321	0.239
5.210	20.438	0.239
5.220	20.580	0.239
5.230	20.761	0.239
5.240	20.955	0.239
5.250	21.183	0.239
5.260	21.433	0.239
5.270	21.696	0.239
5.280	21.980	0.239
5.290	22.286	0.239
5.300	22.604	0.239
5.310	22.935	0.239
5.320	23.275	0.239
5.330	23.620	0.239
5.340	23.969	0.239
5.350	24.317	0.239
5.360	24.662	0.239
5.370	25.006	0.239
5.380	25.337	0.239
5.390	25.660	0.239
5.400	25.966	0.239
5.410	26.259	0.239
5.420	26.530	0.239
5.430	26.780	0.239
5.440	27.012	0.239
5.450	27.215	0.239
5.460	27.391	0.239
5.470	27.538	0.239
5.480	27.659	0.239
5.490	27.749	0.239
5.500	27.806	0.239
5.510	27.832	0.239
5.520	27.828	0.239
5.530	27.790	0.239
5.540	27.726	0.239
5.550	27.627	0.239
5.560	27.494	0.239
5.570	27.340	0.239
5.580	27.155	0.239
5.590	26.945	0.239
5.600	26.709	0.239
5.610	26.438	0.239
5.620	26.159	0.239
5.630	25.863	0.239
5.640	25.549	0.239
5.650	25.227	0.239
5.660	24.892	0.239
5.670	24.553	0.239
5.680	24.209	0.239
5.690	23.862	0.239
5.700	23.514	0.239
5.710	23.170	0.239
5.720	22.835	0.239
5.730	22.509	0.239
5.740	22.195	0.239
5.750	21.894	0.239
5.760	21.615	0.239
5.770	21.358	0.239
5.780	21.117	0.239
5.790	20.894	0.239
5.800	20.710	0.239
5.810	20.542	0.239
5.820	20.414	0.239
5.830	20.302	0.239
5.840	20.225	0.239
5.850	20.183	0.239
5.860	20.170	0.239
5.870	20.188	0.239
5.880	20.235	0.239
5.890	20.313	0.239
5.900	20.430	0.239
5.910	20.563	0.239
5.920	20.740	0.239
5.930	20.926	0.239
5.940	21.153	0.239
5.950	21.390	0.239
5.960	21.649	0.239
5.970	21.933	0.239
5.980	22.234	0.239
5.990	22.557	0.239
6.000	22.893	0.239
6.010	23.233	0.239
6.020	23.577	0.239
6.030	23.930	0.239
6.040	24.275	0.239
6.050	24.619	0.239
6.060	24.959	0.239
6.070	25.290	0.239
6.080	25.613	0.239
6.090	25.923	0.239
6.100	26.216	0.239
6.110	26.492	0.239
6.120	26.746	0.239
6.130	26.982	0.239
6.140	27.185	0.239
6.150	27.370	0.239
6.160	27.517	0.239
6.170	27.642	0.239
6.180	27.729	0.239
6.190	27.789	0.239
6.200	27.819	0.239
6.210	27.820	0.239
6.220	27.786	0.239
6.230	27.722	0.239
6.240	27.627	0.239
6.250	27.499	0.239
6.260	27.349	0.239
6.270	27.164	0.239
6.280	26.963	0.239
6.290	26.713	0.239
6.300	26.460	0.239
6.310	26.181	0.239
6.320	25.889	0.239
6.330	25.584	0.239
6.340	25.258	0.239
6.350	24.927	0.239
6.360	24.588	0.239
6.370	24.240	0.239
6.380	23.892	0.239
6.390	23.549	0.239
6.400	23.205	0.239
6.410	22.866	0.239
6.420	22.539	0.239
6.430	22.226	0.239
6.440	21.930	0.239
6.450	21.650	0.239
6.460	21.388	0.239
6.470	21.144	0.239
6.480	20.925	0.239
6.490	20.740	0.239
6.500	20.569	0.239
6.510	20.436	0.239
6.520	20.324	0.239
6.530	20.247	0.239
6.540	20.201	0.239
6.550	20.184	0.239
6.560	20.197	0.239
6.570	20.244	0.239
6.580	20.327	0.239
6.590	20.439	0.239
6.600	20.568	0.239
6.610	20.741	0.239
6.620	20.930	0.239
6.630	21.137	0.239
6.640	21.382	0.239
6.650	21.645	0.239
6.660	21.925	0.239
6.670	22.226	0.239
6.680	22.541	0.239
6.690	22.868	0.239
6.700	23.203	0.239
6.710	23.543	0.239
6.720	23.892	0.239
6.730	24.237	0.239
6.740	24.581	0.239
6.750	24.921	0.239
6.760	25.256	0.239
6.770	25.575	0.239
6.780	25.885	0.239
6.790	26.178	0.239
6.800	26.458	0.239
6.810	26.712	0.239
6.820	26.944	0.239
6.830	27.151	0.239
6.840	27.336	0.239
6.850	27.492	0.239
6.860	27.617	0.239
6.870	27.712	0.239
6.880	27.781	0.239
6.890	27.815	0.239
6.900	27.816	0.239
6.910	27.786	0.239
6.920	27.726	0.239
6.930	27.637	0.239
6.940	27.512	0.239
6.950	27.362	0.239
6.960	27.186	0.239
6.970	26.967	0.239
6.980	26.740	0.239
6.990	26.486	0.239
7.000	26.216	0.239
7.010	25.924	0.239
7.020	25.619	0.239
7.030	25.297	0.239
7.040	24.966	0.239
7.050	24.627	0.239
7.060	24.283	0.239
7.070	23.940	0.239
7.080	23.592	0.239
7.090	23.253	0.239
7.100	22.913	0.239
7.110	22.587	0.239
7.120	22.269	0.239
7.130	21.969	0.239
7.140	21.690	0.239
7.150	21.423	0.239
7.160	21.170	0.239
7.170	20.942	0.239
7.180	20.758	0.239
7.190	20.578	0.239
7.200	20.445	0.239
7.210	20.329	0.239
7.220	20.244	0.239
7.230	20.192	0.239
7.240	20.176	0.239
7.250	20.185	0.239
7.260	20.228	0.239
7.270	20.297	0.239
7.280	20.409	0.239
7.290	20.539	0.239
7.300	20.702	0.239
7.310	20.875	0.239
7.320	21.099	0.239
7.330	21.335	0.239
7.340	21.589	0.239
7.350	21.874	0.239
7.360	22.175	0.239
7.370	22.489	0.239
7.380	22.812	0.239
7.390	23.148	0.239
7.400	23.492	0.239
7.410	23.837	0.239
7.420	24.185	0.239
7.430	24.530	0.239
7.440	24.866	0.239
7.450	25.201	0.239
7.460	25.520	0.239
7.470	25.834	0.239
7.480	26.127	0.239
7.490	26.402	0.239
7.500	26.661	0.239
7.510	26.897	0.239
7.520	27.104	0.239
7.530	27.290	0.239
7.540	27.449	0.239
7.550	27.578	0.239
7.560	27.674	0.239
7.570	27.743	0.239
7.580	27.781	0.239
7.590	27.790	0.239
7.600	27.765	0.239
7.610	27.705	0.239
7.620	27.620	0.239
7.630	27.504	0.239
7.640	27.354	0.239
7.650	27.170	0.239
7.660	26.968	0.239
7.670	26.740	0.239
7.680	26.496	0.239
7.690	26.225	0.239
7.700	25.941	0.239
7.710	25.637	0.239
7.720	25.323	0.239
7.730	24.992	0.239
7.740	24.657	0.239
7.750	24.318	0.239
7.760	23.975	0.239
7.770	23.635	0.239
7.780	23.292	0.239
7.790	22.961	0.239
7.800	22.635	0.239
7.810	22.321	0.239
7.820	22.021	0.239
7.830	21.737	0.239
7.840	21.471	0.239
7.850	21.222	0.239
7.860	21.003	0.239
7.870	20.806	0.239
7.880	20.630	0.239
7.890	20.488	0.239
7.900	20.377	0.239
7.910	20.287	0.239
7.920	20.236	0.239
7.930	20.210	0.239
7.940	20.219	0.239
7.950	20.258	0.239
7.960	20.327	0.239
7.970	20.431	0.239
7.980	20.556	0.239
7.990	20.707	0.239
8.000	20.888	0.239
8.010	21.104	0.239
8.020	21.340	0.239
8.030	21.590	0.239
8.040	21.866	0.239
8.050	22.163	0.239
8.060	22.473	0.239
8.070	22.796	0.239
8.080	23.127	0.239
8.090	23.467	0.239
8.100	23.811	0.239
8.110	24.156	0.239
8.120	24.504	0.239
8.130	24.845	0.239
8.140	25.176	0.239
8.150	25.499	0.239
8.160	25.809	0.239
8.170	26.106	0.239
8.180	26.386	0.239
8.190	26.640	0.239
8.200	26.881	0.239
8.210	27.092	0.239
8.220	27.277	0.239
8.230	27.437	0.239
8.240	27.570	0.239
8.250	27.670	0.239
8.260	27.739	0.239
8.270	27.782	0.239
8.280	27.795	0.239
8.290	27.770	0.239
8.300	27.714	0.239
8.310	27.633	0.239
8.320	27.526	0.239
8.330	27.372	0.239
8.340	27.204	0.239
8.350	27.003	0.239
8.360	26.780	0.239
8.370	26.531	0.239
8.380	26.260	0.239
8.390	25.972	0.239
8.400	25.667	0.239
8.410	25.354	0.239
8.420	25.027	0.239
8.430	24.692	0.239
8.440	24.353	0.239
8.450	24.014	0.239
8.460	23.675	0.239
8.470	23.335	0.239
8.480	23.000	0.239
8.490	22.670	0.239
8.500	22.352	0.239
8.510	22.043	0.239
8.520	21.755	0.239
8.530	21.485	0.239
8.540	21.236	0.239
8.550	21.016	0.239
8.560	20.819	0.239
8.570	20.639	0.239
8.580	20.497	0.239
8.590	20.382	0.239
8.600	20.292	0.239
8.610	20.236	0.239
8.620	20.211	0.239
8.630	20.220	0.239
8.640	20.255	0.239
8.650	20.319	0.239
8.660	20.406	0.239
8.670	20.526	0.239
8.680	20.686	0.239
8.690	20.863	0.239
8.700	21.078	0.239
8.710	21.306	0.239
8.720	21.556	0.239
8.730	21.832	0.239
8.740	22.124	0.239
8.750	22.434	0.239
8.760	22.753	0.239
8.770	23.080	0.239
8.780	23.416	0.239
8.790	23.760	0.239
8.800	24.105	0.239
8.810	24.449	0.239
8.820	24.785	0.239
8.830	25.121	0.239
8.840	25.439	0.239
8.850	25.753	0.239
8.860	26.050	0.239
8.870	26.326	0.239
8.880	26.589	0.239
8.890	26.830	0.239
8.900	27.041	0.239
8.910	27.230	0.239
8.920	27.394	0.239
8.930	27.532	0.239
8.940	27.631	0.239
8.950	27.709	0.239